Tx 0.021 1 1 0 12 
Rx 0.024 1 1 0 12 2999999
Tx 0.036 1 1 0 3 
Tx 0.036 1 1 1 2 
Rx 0.039 1 1 0 3 2999999
Tx 0.041 1 1 1 44 
Tx 0.0434 2 1 0 12 
Rx 0.0438083 2 1 0 12 408319
Tx 0.0445 2 1 1 2 
Tx 0.056 1 1 1 2 
Tx 0.057 1 1 1 19 
Rx 0.059 1 1 1 2 0
Rx 0.06 1 1 1 19 2999999
Tx 0.072 1 1 1 2 
Rx 0.075 1 1 1 2 0
Tx 0.2516 2 1 3 1128 
Tx 0.2517 2 1 3 1128 
Tx 0.2518 2 1 3 1128 
Tx 0.2519 2 1 3 17728 
Tx 0.252 2 1 3 5296 
Rx 0.252096 2 1 3 1128 495679
Tx 0.2521 2 1 3 5280 
Rx 0.252196 2 1 3 1128 495679
Tx 0.2522 2 1 3 5280 
Rx 0.252296 2 1 3 1128 495679
Tx 0.2523 2 1 3 5280 
Rx 0.252346 2 1 3 17728 445759
Tx 0.2524 2 1 3 5280 
Rx 0.252417 2 1 3 5296 416639
Tx 0.2525 2 1 3 5280 
Rx 0.252517 2 1 3 5280 416639
Tx 0.2526 2 1 3 5280 
Rx 0.252617 2 1 3 5280 416639
Tx 0.2527 2 1 3 5280 
Rx 0.252717 2 1 3 5280 416639
Tx 0.2528 2 1 3 5280 
Rx 0.252817 2 1 3 5280 416639
Tx 0.2529 2 1 3 5280 
Rx 0.252917 2 1 3 5280 416639
Tx 0.253 2 1 3 5280 
Rx 0.253017 2 1 3 5280 416639
Tx 0.2531 2 1 3 5280 
Rx 0.253117 2 1 3 5280 416639
Tx 0.2532 2 1 3 5280 
Rx 0.253217 2 1 3 5280 416639
Tx 0.2533 2 1 3 5280 
Rx 0.253317 2 1 3 5280 416639
Tx 0.2534 2 1 3 5280 
Rx 0.253417 2 1 3 5280 416639
Tx 0.2535 2 1 3 5280 
Rx 0.253517 2 1 3 5280 416639
Tx 0.2536 2 1 3 5280 
Rx 0.253617 2 1 3 5280 416639
Tx 0.2537 2 1 3 5280 
Rx 0.253717 2 1 3 5280 416639
Tx 0.2538 2 1 3 5280 
Rx 0.253817 2 1 3 5280 416639
Tx 0.2539 2 1 3 5280 
Rx 0.253917 2 1 3 5280 416639
Tx 0.254 2 1 3 5280 
Rx 0.254017 2 1 3 5280 416639
Tx 0.2541 2 1 3 5280 
Rx 0.254117 2 1 3 5280 416639
Tx 0.2542 2 1 3 5280 
Rx 0.254217 2 1 3 5280 416639
Tx 0.2543 2 1 3 5280 
Rx 0.254317 2 1 3 5280 416639
Tx 0.2544 2 1 3 5280 
Rx 0.254417 2 1 3 5280 416639
Tx 0.2545 2 1 3 5280 
Rx 0.254517 2 1 3 5280 416639
Tx 0.2546 2 1 3 5280 
Rx 0.254617 2 1 3 5280 416639
Tx 0.2547 2 1 3 5280 
Rx 0.254717 2 1 3 5280 416639
Tx 0.2548 2 1 3 5280 
Rx 0.254817 2 1 3 5280 416639
Tx 0.2549 2 1 3 5280 
Rx 0.254917 2 1 3 5280 416639
Tx 0.255 2 1 3 5280 
Rx 0.255017 2 1 3 5280 416639
Tx 0.2551 2 1 3 5280 
Rx 0.255117 2 1 3 5280 416639
Tx 0.2552 2 1 3 5280 
Rx 0.255217 2 1 3 5280 416639
Tx 0.2553 2 1 3 5280 
Rx 0.255317 2 1 3 5280 416639
Tx 0.2554 2 1 3 5280 
Rx 0.255417 2 1 3 5280 416639
Tx 0.2555 2 1 3 5280 
Rx 0.255517 2 1 3 5280 416639
Tx 0.2556 2 1 3 5280 
Rx 0.255617 2 1 3 5280 416639
Tx 0.2557 2 1 3 5280 
Rx 0.255717 2 1 3 5280 416639
Tx 0.2558 2 1 3 5280 
Rx 0.255817 2 1 3 5280 416639
Tx 0.2559 2 1 3 5280 
Rx 0.255917 2 1 3 5280 416639
Tx 0.256 2 1 3 5280 
Rx 0.256017 2 1 3 5280 416639
Tx 0.2561 2 1 3 5280 
Rx 0.256117 2 1 3 5280 416639
Tx 0.2562 2 1 3 5280 
Rx 0.256217 2 1 3 5280 416639
Tx 0.2563 2 1 3 5280 
Rx 0.256317 2 1 3 5280 416639
Tx 0.2564 2 1 3 5280 
Rx 0.256417 2 1 3 5280 416639
Tx 0.2565 2 1 3 5280 
Rx 0.256517 2 1 3 5280 416639
Tx 0.2566 2 1 3 5280 
Rx 0.256617 2 1 3 5280 416639
Tx 0.2567 2 1 3 5280 
Rx 0.256717 2 1 3 5280 416639
Tx 0.2568 2 1 3 5280 
Rx 0.256817 2 1 3 5280 416639
Tx 0.2569 2 1 3 5280 
Rx 0.256917 2 1 3 5280 416639
Tx 0.257 2 1 3 5280 
Rx 0.257017 2 1 3 5280 416639
Tx 0.2571 2 1 3 5280 
Rx 0.257117 2 1 3 5280 416639
Tx 0.2572 2 1 3 5280 
Rx 0.257217 2 1 3 5280 416639
Tx 0.2573 2 1 3 5280 
Rx 0.257317 2 1 3 5280 416639
Tx 0.2574 2 1 3 5280 
Rx 0.257417 2 1 3 5280 416639
Tx 0.2575 2 1 3 5280 
Rx 0.257517 2 1 3 5280 416639
Tx 0.2576 2 1 3 5280 
Rx 0.257617 2 1 3 5280 416639
Tx 0.2577 2 1 3 5280 
Rx 0.257717 2 1 3 5280 416639
Tx 0.2578 2 1 3 5280 
Rx 0.257817 2 1 3 5280 416639
Tx 0.2579 2 1 3 5280 
Rx 0.257917 2 1 3 5280 416639
Tx 0.258 2 1 3 5280 
Rx 0.258017 2 1 3 5280 416639
Tx 0.2581 2 1 3 5280 
Rx 0.258117 2 1 3 5280 416639
Tx 0.2582 2 1 3 5280 
Rx 0.258217 2 1 3 5280 416639
Tx 0.2583 2 1 3 5280 
Rx 0.258317 2 1 3 5280 416639
Tx 0.2584 2 1 3 5280 
Rx 0.258417 2 1 3 5280 416639
Tx 0.2585 2 1 3 5280 
Rx 0.258517 2 1 3 5280 416639
Tx 0.2586 2 1 3 5280 
Rx 0.258617 2 1 3 5280 416639
Tx 0.2587 2 1 3 5280 
Rx 0.258717 2 1 3 5280 416639
Tx 0.2588 2 1 3 5280 
Rx 0.258817 2 1 3 5280 416639
Tx 0.2589 2 1 3 5280 
Rx 0.258917 2 1 3 5280 416639
Tx 0.259 2 1 3 5280 
Rx 0.259017 2 1 3 5280 416639
Tx 0.2591 2 1 3 5280 
Rx 0.259117 2 1 3 5280 416639
Tx 0.2592 2 1 3 5280 
Rx 0.259217 2 1 3 5280 416639
Tx 0.2593 2 1 3 5280 
Rx 0.259317 2 1 3 5280 416639
Tx 0.2594 2 1 3 5280 
Rx 0.259417 2 1 3 5280 416639
Tx 0.2595 2 1 3 5280 
Rx 0.259517 2 1 3 5280 416639
Tx 0.2596 2 1 3 5280 
Rx 0.259617 2 1 3 5280 416639
Tx 0.2597 2 1 3 5280 
Rx 0.259717 2 1 3 5280 416639
Tx 0.2598 2 1 3 5280 
Rx 0.259817 2 1 3 5280 416639
Tx 0.2599 2 1 3 5280 
Rx 0.259917 2 1 3 5280 416639
Tx 0.26 2 1 3 5280 
Rx 0.260017 2 1 3 5280 416639
Tx 0.2601 2 1 3 5280 
Rx 0.260117 2 1 3 5280 416639
Tx 0.2602 2 1 3 5280 
Rx 0.260217 2 1 3 5280 416639
Tx 0.2603 2 1 3 5280 
Rx 0.260317 2 1 3 5280 416639
Tx 0.2604 2 1 3 5280 
Rx 0.260417 2 1 3 5280 416639
Tx 0.2605 2 1 3 5280 
Rx 0.260517 2 1 3 5280 416639
Tx 0.2606 2 1 3 5280 
Rx 0.260617 2 1 3 5280 416639
Tx 0.2607 2 1 3 5280 
Rx 0.260717 2 1 3 5280 416639
Tx 0.2608 2 1 3 5280 
Rx 0.260817 2 1 3 5280 416639
Tx 0.2609 2 1 3 5280 
Rx 0.260917 2 1 3 5280 416639
Tx 0.261 2 1 3 5280 
Rx 0.261017 2 1 3 5280 416639
Tx 0.2611 2 1 3 5280 
Rx 0.261117 2 1 3 5280 416639
Tx 0.2612 2 1 3 5280 
Rx 0.261217 2 1 3 5280 416639
Tx 0.2613 2 1 3 5280 
Rx 0.261317 2 1 3 5280 416639
Tx 0.2614 2 1 3 5280 
Rx 0.261417 2 1 3 5280 416639
Tx 0.2615 2 1 3 5280 
Rx 0.261517 2 1 3 5280 416639
Tx 0.2616 2 1 3 5280 
Rx 0.261617 2 1 3 5280 416639
Tx 0.2617 2 1 3 5280 
Rx 0.261717 2 1 3 5280 416639
Tx 0.2618 2 1 3 5280 
Rx 0.261817 2 1 3 5280 416639
Tx 0.2619 2 1 3 5280 
Rx 0.261917 2 1 3 5280 416639
Tx 0.262 2 1 3 5280 
Rx 0.262017 2 1 3 5280 416639
Tx 0.2621 2 1 3 5280 
Rx 0.262117 2 1 3 5280 416639
Tx 0.2622 2 1 3 5280 
Rx 0.262217 2 1 3 5280 416639
Tx 0.2623 2 1 3 5280 
Rx 0.262317 2 1 3 5280 416639
Tx 0.2624 2 1 3 5280 
Rx 0.262417 2 1 3 5280 416639
Tx 0.2625 2 1 3 5280 
Rx 0.262517 2 1 3 5280 416639
Tx 0.2626 2 1 3 5280 
Rx 0.262617 2 1 3 5280 416639
Tx 0.2627 2 1 3 5280 
Rx 0.262717 2 1 3 5280 416639
Tx 0.2628 2 1 3 5280 
Rx 0.262817 2 1 3 5280 416639
Tx 0.2629 2 1 3 5280 
Rx 0.262917 2 1 3 5280 416639
Tx 0.263 2 1 3 5280 
Rx 0.263017 2 1 3 5280 416639
Tx 0.2631 2 1 3 5280 
Rx 0.263117 2 1 3 5280 416639
Tx 0.2632 2 1 3 5280 
Rx 0.263217 2 1 3 5280 416639
Tx 0.2633 2 1 3 5280 
Rx 0.263317 2 1 3 5280 416639
Tx 0.2634 2 1 3 5280 
Rx 0.263417 2 1 3 5280 416639
Tx 0.2635 2 1 3 5280 
Rx 0.263517 2 1 3 5280 416639
Tx 0.2636 2 1 3 5280 
Rx 0.263617 2 1 3 5280 416639
Tx 0.2637 2 1 3 5280 
Rx 0.263717 2 1 3 5280 416639
Tx 0.2638 2 1 3 5280 
Rx 0.263817 2 1 3 5280 416639
Tx 0.2639 2 1 3 5280 
Rx 0.263917 2 1 3 5280 416639
Tx 0.264 2 1 3 5280 
Rx 0.264017 2 1 3 5280 416639
Tx 0.2641 2 1 3 5280 
Rx 0.264117 2 1 3 5280 416639
Tx 0.2642 2 1 3 5280 
Rx 0.264217 2 1 3 5280 416639
Tx 0.2643 2 1 3 5280 
Rx 0.264317 2 1 3 5280 416639
Tx 0.2644 2 1 3 5280 
Rx 0.264417 2 1 3 5280 416639
Tx 0.2645 2 1 3 5280 
Rx 0.264517 2 1 3 5280 416639
Tx 0.2646 2 1 3 5280 
Rx 0.264617 2 1 3 5280 416639
Tx 0.2647 2 1 3 5280 
Rx 0.264717 2 1 3 5280 416639
Tx 0.2648 2 1 3 5280 
Rx 0.264817 2 1 3 5280 416639
Tx 0.2649 2 1 3 5280 
Rx 0.264917 2 1 3 5280 416639
Tx 0.265 2 1 3 5280 
Rx 0.265017 2 1 3 5280 416639
Tx 0.2651 2 1 3 5280 
Rx 0.265117 2 1 3 5280 416639
Tx 0.2652 2 1 3 5280 
Rx 0.265217 2 1 3 5280 416639
Tx 0.2653 2 1 3 5280 
Rx 0.265317 2 1 3 5280 416639
Tx 0.2654 2 1 3 5280 
Rx 0.265417 2 1 3 5280 416639
Tx 0.2655 2 1 3 5280 
Rx 0.265517 2 1 3 5280 416639
Tx 0.2656 2 1 3 5280 
Rx 0.265617 2 1 3 5280 416639
Tx 0.2657 2 1 3 5280 
Rx 0.265717 2 1 3 5280 416639
Tx 0.2658 2 1 3 5280 
Rx 0.265817 2 1 3 5280 416639
Tx 0.2659 2 1 3 5280 
Rx 0.265917 2 1 3 5280 416639
Tx 0.266 2 1 3 5280 
Rx 0.266017 2 1 3 5280 416639
Tx 0.2661 2 1 3 5280 
Rx 0.266117 2 1 3 5280 416639
Tx 0.2662 2 1 3 5280 
Rx 0.266217 2 1 3 5280 416639
Tx 0.2663 2 1 3 5280 
Rx 0.266317 2 1 3 5280 416639
Tx 0.2664 2 1 3 5280 
Rx 0.266417 2 1 3 5280 416639
Tx 0.2665 2 1 3 5280 
Rx 0.266517 2 1 3 5280 416639
Tx 0.2666 2 1 3 5280 
Rx 0.266617 2 1 3 5280 416639
Tx 0.2667 2 1 3 5280 
Rx 0.266717 2 1 3 5280 416639
Tx 0.2668 2 1 3 5280 
Rx 0.266817 2 1 3 5280 416639
Tx 0.2669 2 1 3 5280 
Rx 0.266917 2 1 3 5280 416639
Tx 0.267 2 1 3 5280 
Rx 0.267017 2 1 3 5280 416639
Tx 0.2671 2 1 3 5280 
Rx 0.267117 2 1 3 5280 416639
Tx 0.2672 2 1 3 5280 
Rx 0.267217 2 1 3 5280 416639
Tx 0.2673 2 1 3 5280 
Rx 0.267317 2 1 3 5280 416639
Tx 0.2674 2 1 3 5280 
Rx 0.267417 2 1 3 5280 416639
Tx 0.2675 2 1 3 5280 
Rx 0.267517 2 1 3 5280 416639
Tx 0.2676 2 1 3 5280 
Rx 0.267617 2 1 3 5280 416639
Tx 0.2677 2 1 3 5280 
Rx 0.267717 2 1 3 5280 416639
Tx 0.2678 2 1 3 5280 
Rx 0.267817 2 1 3 5280 416639
Tx 0.2679 2 1 3 5280 
Rx 0.267917 2 1 3 5280 416639
Tx 0.268 2 1 3 5280 
Rx 0.268017 2 1 3 5280 416639
Tx 0.2681 2 1 3 5280 
Rx 0.268117 2 1 3 5280 416639
Tx 0.2682 2 1 3 5280 
Rx 0.268217 2 1 3 5280 416639
Tx 0.2683 2 1 3 5280 
Rx 0.268317 2 1 3 5280 416639
Tx 0.2684 2 1 3 5280 
Rx 0.268417 2 1 3 5280 416639
Tx 0.2685 2 1 3 5280 
Rx 0.268517 2 1 3 5280 416639
Tx 0.2686 2 1 3 5280 
Rx 0.268617 2 1 3 5280 416639
Tx 0.2687 2 1 3 5280 
Rx 0.268717 2 1 3 5280 416639
Tx 0.2688 2 1 3 5280 
Rx 0.268817 2 1 3 5280 416639
Tx 0.2689 2 1 3 5280 
Rx 0.268917 2 1 3 5280 416639
Tx 0.269 2 1 3 5280 
Rx 0.269017 2 1 3 5280 416639
Tx 0.2691 2 1 3 5280 
Rx 0.269117 2 1 3 5280 416639
Tx 0.2692 2 1 3 5280 
Rx 0.269217 2 1 3 5280 416639
Tx 0.2693 2 1 3 5280 
Rx 0.269317 2 1 3 5280 416639
Tx 0.2694 2 1 3 5280 
Rx 0.269417 2 1 3 5280 416639
Tx 0.2695 2 1 3 5280 
Rx 0.269517 2 1 3 5280 416639
Tx 0.2696 2 1 3 5280 
Rx 0.269617 2 1 3 5280 416639
Tx 0.2697 2 1 3 5280 
Rx 0.269717 2 1 3 5280 416639
Tx 0.2698 2 1 3 5280 
Rx 0.269817 2 1 3 5280 416639
Tx 0.2699 2 1 3 5280 
Rx 0.269917 2 1 3 5280 416639
Tx 0.27 2 1 3 5280 
Rx 0.270017 2 1 3 5280 416639
Tx 0.2701 2 1 3 5280 
Rx 0.270117 2 1 3 5280 416639
Tx 0.2702 2 1 3 5280 
Rx 0.270217 2 1 3 5280 416639
Tx 0.2703 2 1 3 5280 
Rx 0.270317 2 1 3 5280 416639
Tx 0.2704 2 1 3 5280 
Rx 0.270417 2 1 3 5280 416639
Tx 0.2705 2 1 3 5280 
Rx 0.270517 2 1 3 5280 416639
Tx 0.2706 2 1 3 5280 
Rx 0.270617 2 1 3 5280 416639
Tx 0.2707 2 1 3 5280 
Rx 0.270717 2 1 3 5280 416639
Tx 0.2708 2 1 3 5280 
Rx 0.270817 2 1 3 5280 416639
Tx 0.2709 2 1 3 5280 
Rx 0.270917 2 1 3 5280 416639
Tx 0.271 2 1 3 5280 
Rx 0.271017 2 1 3 5280 416639
Tx 0.2711 2 1 3 5280 
Rx 0.271117 2 1 3 5280 416639
Tx 0.2712 2 1 3 5280 
Rx 0.271217 2 1 3 5280 416639
Tx 0.2713 2 1 3 5280 
Rx 0.271317 2 1 3 5280 416639
Tx 0.2714 2 1 3 5280 
Rx 0.271417 2 1 3 5280 416639
Tx 0.2715 2 1 3 5280 
Rx 0.271517 2 1 3 5280 416639
Tx 0.2716 2 1 3 5280 
Rx 0.271617 2 1 3 5280 416639
Tx 0.2717 2 1 3 5280 
Rx 0.271717 2 1 3 5280 416639
Tx 0.2718 2 1 3 5280 
Rx 0.271817 2 1 3 5280 416639
Tx 0.2719 2 1 3 5280 
Rx 0.271917 2 1 3 5280 416639
Tx 0.272 2 1 3 5280 
Rx 0.272017 2 1 3 5280 416639
Tx 0.2721 2 1 3 5280 
Rx 0.272117 2 1 3 5280 416639
Tx 0.2722 2 1 3 5280 
Rx 0.272217 2 1 3 5280 416639
Tx 0.2723 2 1 3 5280 
Rx 0.272317 2 1 3 5280 416639
Tx 0.2724 2 1 3 5280 
Rx 0.272417 2 1 3 5280 416639
Tx 0.2725 2 1 3 5280 
Rx 0.272517 2 1 3 5280 416639
Tx 0.2726 2 1 3 5280 
Rx 0.272617 2 1 3 5280 416639
Tx 0.2727 2 1 3 5280 
Rx 0.272717 2 1 3 5280 416639
Tx 0.2728 2 1 3 5280 
Rx 0.272817 2 1 3 5280 416639
Tx 0.2729 2 1 3 5280 
Rx 0.272917 2 1 3 5280 416639
Tx 0.273 2 1 3 5280 
Rx 0.273017 2 1 3 5280 416639
Tx 0.2731 2 1 3 5280 
Rx 0.273117 2 1 3 5280 416639
Tx 0.2732 2 1 3 5280 
Rx 0.273217 2 1 3 5280 416639
Tx 0.2733 2 1 3 5280 
Rx 0.273317 2 1 3 5280 416639
Tx 0.2734 2 1 3 5280 
Rx 0.273417 2 1 3 5280 416639
Tx 0.2735 2 1 3 5280 
Rx 0.273517 2 1 3 5280 416639
Tx 0.2736 2 1 3 5280 
Rx 0.273617 2 1 3 5280 416639
Tx 0.2737 2 1 3 5280 
Rx 0.273717 2 1 3 5280 416639
Tx 0.2738 2 1 3 5280 
Rx 0.273817 2 1 3 5280 416639
Tx 0.2739 2 1 3 5280 
Rx 0.273917 2 1 3 5280 416639
Tx 0.274 2 1 3 5280 
Rx 0.274017 2 1 3 5280 416639
Tx 0.2741 2 1 3 5280 
Rx 0.274117 2 1 3 5280 416639
Tx 0.2742 2 1 3 5280 
Rx 0.274217 2 1 3 5280 416639
Tx 0.2743 2 1 3 5280 
Rx 0.274317 2 1 3 5280 416639
Tx 0.2744 2 1 3 5280 
Rx 0.274417 2 1 3 5280 416639
Tx 0.2745 2 1 3 5280 
Rx 0.274517 2 1 3 5280 416639
Tx 0.2746 2 1 3 5280 
Rx 0.274617 2 1 3 5280 416639
Tx 0.2747 2 1 3 5280 
Rx 0.274717 2 1 3 5280 416639
Tx 0.2748 2 1 3 5280 
Rx 0.274817 2 1 3 5280 416639
Tx 0.2749 2 1 3 5280 
Rx 0.274917 2 1 3 5280 416639
Tx 0.275 2 1 3 5280 
Rx 0.275017 2 1 3 5280 416639
Tx 0.2751 2 1 3 5280 
Rx 0.275117 2 1 3 5280 416639
Tx 0.2752 2 1 3 5280 
Rx 0.275217 2 1 3 5280 416639
Tx 0.2753 2 1 3 5280 
Rx 0.275317 2 1 3 5280 416639
Tx 0.2754 2 1 3 5280 
Rx 0.275417 2 1 3 5280 416639
Tx 0.2755 2 1 3 5280 
Rx 0.275517 2 1 3 5280 416639
Tx 0.2756 2 1 3 5280 
Rx 0.275617 2 1 3 5280 416639
Tx 0.2757 2 1 3 5280 
Rx 0.275717 2 1 3 5280 416639
Tx 0.2758 2 1 3 5280 
Rx 0.275817 2 1 3 5280 416639
Tx 0.2759 2 1 3 5280 
Rx 0.275917 2 1 3 5280 416639
Tx 0.276 2 1 3 5280 
Rx 0.276017 2 1 3 5280 416639
Tx 0.2761 2 1 3 5280 
Rx 0.276117 2 1 3 5280 416639
Tx 0.2762 2 1 3 5280 
Rx 0.276217 2 1 3 5280 416639
Tx 0.2763 2 1 3 5280 
Rx 0.276317 2 1 3 5280 416639
Tx 0.2764 2 1 3 5280 
Rx 0.276417 2 1 3 5280 416639
Tx 0.2765 2 1 3 5280 
Rx 0.276517 2 1 3 5280 416639
Tx 0.2766 2 1 3 5280 
Rx 0.276617 2 1 3 5280 416639
Tx 0.2767 2 1 3 5280 
Rx 0.276717 2 1 3 5280 416639
Tx 0.2768 2 1 3 5280 
Rx 0.276817 2 1 3 5280 416639
Tx 0.2769 2 1 3 5280 
Rx 0.276917 2 1 3 5280 416639
Tx 0.277 2 1 3 5280 
Rx 0.277017 2 1 3 5280 416639
Tx 0.2771 2 1 3 5280 
Rx 0.277117 2 1 3 5280 416639
Tx 0.2772 2 1 3 5280 
Rx 0.277217 2 1 3 5280 416639
Tx 0.2773 2 1 3 5280 
Rx 0.277317 2 1 3 5280 416639
Tx 0.2774 2 1 3 5280 
Rx 0.277417 2 1 3 5280 416639
Tx 0.2775 2 1 3 5280 
Rx 0.277517 2 1 3 5280 416639
Tx 0.2776 2 1 3 5280 
Rx 0.277617 2 1 3 5280 416639
Tx 0.2777 2 1 3 5280 
Rx 0.277717 2 1 3 5280 416639
Tx 0.2778 2 1 3 5280 
Rx 0.277817 2 1 3 5280 416639
Tx 0.2779 2 1 3 5280 
Rx 0.277917 2 1 3 5280 416639
Tx 0.278 2 1 3 5280 
Rx 0.278017 2 1 3 5280 416639
Tx 0.2781 2 1 3 5280 
Rx 0.278117 2 1 3 5280 416639
Tx 0.2782 2 1 3 5280 
Rx 0.278217 2 1 3 5280 416639
Tx 0.2783 2 1 3 5280 
Rx 0.278317 2 1 3 5280 416639
Tx 0.2784 2 1 3 5280 
Rx 0.278417 2 1 3 5280 416639
Tx 0.2785 2 1 3 5280 
Rx 0.278517 2 1 3 5280 416639
Tx 0.2786 2 1 3 5280 
Rx 0.278617 2 1 3 5280 416639
Tx 0.2787 2 1 3 5280 
Rx 0.278717 2 1 3 5280 416639
Tx 0.2788 2 1 3 5280 
Rx 0.278817 2 1 3 5280 416639
Tx 0.2789 2 1 3 5280 
Rx 0.278917 2 1 3 5280 416639
Tx 0.279 2 1 3 5280 
Rx 0.279017 2 1 3 5280 416639
Tx 0.2791 2 1 3 5280 
Rx 0.279117 2 1 3 5280 416639
Tx 0.2792 2 1 3 5280 
Rx 0.279217 2 1 3 5280 416639
Tx 0.2793 2 1 3 5280 
Rx 0.279317 2 1 3 5280 416639
Tx 0.2794 2 1 3 5280 
Rx 0.279417 2 1 3 5280 416639
Tx 0.2795 2 1 3 5280 
Rx 0.279517 2 1 3 5280 416639
Tx 0.2796 2 1 3 5280 
Rx 0.279617 2 1 3 5280 416639
Tx 0.2797 2 1 3 5280 
Rx 0.279717 2 1 3 5280 416639
Tx 0.2798 2 1 3 5280 
Rx 0.279817 2 1 3 5280 416639
Tx 0.2799 2 1 3 5280 
Rx 0.279917 2 1 3 5280 416639
Tx 0.28 2 1 3 5280 
Rx 0.280017 2 1 3 5280 416639
Tx 0.2801 2 1 3 5280 
Rx 0.280117 2 1 3 5280 416639
Tx 0.2802 2 1 3 5280 
Rx 0.280217 2 1 3 5280 416639
Tx 0.2803 2 1 3 5280 
Rx 0.280317 2 1 3 5280 416639
Tx 0.2804 2 1 3 5280 
Rx 0.280417 2 1 3 5280 416639
Tx 0.2805 2 1 3 5280 
Rx 0.280517 2 1 3 5280 416639
Tx 0.2806 2 1 3 5280 
Rx 0.280617 2 1 3 5280 416639
Tx 0.2807 2 1 3 5280 
Rx 0.280717 2 1 3 5280 416639
Tx 0.2808 2 1 3 5280 
Rx 0.280817 2 1 3 5280 416639
Tx 0.2809 2 1 3 5280 
Rx 0.280917 2 1 3 5280 416639
Tx 0.281 2 1 3 5280 
Rx 0.281017 2 1 3 5280 416639
Tx 0.2811 2 1 3 5280 
Rx 0.281117 2 1 3 5280 416639
Tx 0.2812 2 1 3 5280 
Rx 0.281217 2 1 3 5280 416639
Tx 0.2813 2 1 3 5280 
Rx 0.281317 2 1 3 5280 416639
Tx 0.2814 2 1 3 5280 
Rx 0.281417 2 1 3 5280 416639
Tx 0.2815 2 1 3 5280 
Rx 0.281517 2 1 3 5280 416639
Tx 0.2816 2 1 3 5280 
Rx 0.281617 2 1 3 5280 416639
Tx 0.2817 2 1 3 5280 
Rx 0.281717 2 1 3 5280 416639
Tx 0.2818 2 1 3 5280 
Rx 0.281817 2 1 3 5280 416639
Tx 0.2819 2 1 3 5280 
Rx 0.281917 2 1 3 5280 416639
Tx 0.282 2 1 3 5280 
Rx 0.282017 2 1 3 5280 416639
Tx 0.2821 2 1 3 5280 
Rx 0.282117 2 1 3 5280 416639
Tx 0.2822 2 1 3 5280 
Rx 0.282217 2 1 3 5280 416639
Tx 0.2823 2 1 3 5280 
Rx 0.282317 2 1 3 5280 416639
Tx 0.2824 2 1 3 5280 
Rx 0.282417 2 1 3 5280 416639
Tx 0.2825 2 1 3 5280 
Rx 0.282517 2 1 3 5280 416639
Tx 0.2826 2 1 3 5280 
Rx 0.282617 2 1 3 5280 416639
Tx 0.2827 2 1 3 5280 
Rx 0.282717 2 1 3 5280 416639
Tx 0.2828 2 1 3 5280 
Rx 0.282817 2 1 3 5280 416639
Tx 0.2829 2 1 3 5280 
Rx 0.282917 2 1 3 5280 416639
Tx 0.283 2 1 3 5280 
Rx 0.283017 2 1 3 5280 416639
Tx 0.2831 2 1 3 5280 
Rx 0.283117 2 1 3 5280 416639
Tx 0.2832 2 1 3 5280 
Rx 0.283217 2 1 3 5280 416639
Tx 0.2833 2 1 3 5280 
Rx 0.283317 2 1 3 5280 416639
Tx 0.2834 2 1 3 5280 
Rx 0.283417 2 1 3 5280 416639
Tx 0.2835 2 1 3 5280 
Rx 0.283517 2 1 3 5280 416639
Tx 0.2836 2 1 3 5280 
Rx 0.283617 2 1 3 5280 416639
Tx 0.2837 2 1 3 5280 
Rx 0.283717 2 1 3 5280 416639
Tx 0.2838 2 1 3 5280 
Rx 0.283817 2 1 3 5280 416639
Tx 0.2839 2 1 3 5280 
Rx 0.283917 2 1 3 5280 416639
Tx 0.284 2 1 3 5280 
Rx 0.284017 2 1 3 5280 416639
Tx 0.2841 2 1 3 5280 
Rx 0.284117 2 1 3 5280 416639
Tx 0.2842 2 1 3 5280 
Rx 0.284217 2 1 3 5280 416639
Tx 0.2843 2 1 3 5280 
Rx 0.284317 2 1 3 5280 416639
Tx 0.2844 2 1 3 5280 
Rx 0.284417 2 1 3 5280 416639
Tx 0.2845 2 1 3 5280 
Rx 0.284517 2 1 3 5280 416639
Tx 0.2846 2 1 3 5280 
Rx 0.284617 2 1 3 5280 416639
Tx 0.2847 2 1 3 5280 
Rx 0.284717 2 1 3 5280 416639
Tx 0.2848 2 1 3 5280 
Rx 0.284817 2 1 3 5280 416639
Tx 0.2849 2 1 3 5280 
Rx 0.284917 2 1 3 5280 416639
Tx 0.285 2 1 3 5280 
Rx 0.285017 2 1 3 5280 416639
Tx 0.2851 2 1 3 5280 
Rx 0.285117 2 1 3 5280 416639
Tx 0.2852 2 1 3 5280 
Rx 0.285217 2 1 3 5280 416639
Tx 0.2853 2 1 3 5280 
Rx 0.285317 2 1 3 5280 416639
Tx 0.2854 2 1 3 5280 
Rx 0.285417 2 1 3 5280 416639
Tx 0.2855 2 1 3 5280 
Rx 0.285517 2 1 3 5280 416639
Tx 0.2856 2 1 3 5280 
Rx 0.285617 2 1 3 5280 416639
Tx 0.2857 2 1 3 5280 
Rx 0.285717 2 1 3 5280 416639
Tx 0.2858 2 1 3 5280 
Rx 0.285817 2 1 3 5280 416639
Tx 0.2859 2 1 3 5280 
Rx 0.285917 2 1 3 5280 416639
Tx 0.286 2 1 3 5280 
Rx 0.286017 2 1 3 5280 416639
Tx 0.2861 2 1 3 5280 
Rx 0.286117 2 1 3 5280 416639
Tx 0.2862 2 1 3 5280 
Rx 0.286217 2 1 3 5280 416639
Tx 0.2863 2 1 3 5280 
Rx 0.286317 2 1 3 5280 416639
Tx 0.2864 2 1 3 5280 
Rx 0.286417 2 1 3 5280 416639
Tx 0.2865 2 1 3 5280 
Rx 0.286517 2 1 3 5280 416639
Tx 0.2866 2 1 3 5280 
Rx 0.286617 2 1 3 5280 416639
Tx 0.2867 2 1 3 5280 
Rx 0.286717 2 1 3 5280 416639
Tx 0.2868 2 1 3 5280 
Rx 0.286817 2 1 3 5280 416639
Tx 0.2869 2 1 3 5280 
Rx 0.286917 2 1 3 5280 416639
Tx 0.287 2 1 3 5280 
Rx 0.287017 2 1 3 5280 416639
Tx 0.2871 2 1 3 5280 
Rx 0.287117 2 1 3 5280 416639
Tx 0.2872 2 1 3 5280 
Rx 0.287217 2 1 3 5280 416639
Tx 0.2873 2 1 3 5280 
Rx 0.287317 2 1 3 5280 416639
Tx 0.2874 2 1 3 5280 
Rx 0.287417 2 1 3 5280 416639
Tx 0.2875 2 1 3 5280 
Rx 0.287517 2 1 3 5280 416639
Tx 0.2876 2 1 3 5280 
Rx 0.287617 2 1 3 5280 416639
Tx 0.2877 2 1 3 5280 
Rx 0.287717 2 1 3 5280 416639
Tx 0.2878 2 1 3 5280 
Rx 0.287817 2 1 3 5280 416639
Tx 0.2879 2 1 3 5280 
Rx 0.287917 2 1 3 5280 416639
Tx 0.288 2 1 3 5280 
Rx 0.288017 2 1 3 5280 416639
Tx 0.2881 2 1 3 5280 
Rx 0.288117 2 1 3 5280 416639
Tx 0.2882 2 1 3 5280 
Rx 0.288217 2 1 3 5280 416639
Tx 0.2883 2 1 3 5280 
Rx 0.288317 2 1 3 5280 416639
Tx 0.2884 2 1 3 5280 
Rx 0.288417 2 1 3 5280 416639
Tx 0.2885 2 1 3 5280 
Rx 0.288517 2 1 3 5280 416639
Tx 0.2886 2 1 3 5280 
Rx 0.288617 2 1 3 5280 416639
Tx 0.2887 2 1 3 5280 
Rx 0.288717 2 1 3 5280 416639
Tx 0.2888 2 1 3 5280 
Rx 0.288817 2 1 3 5280 416639
Tx 0.2889 2 1 3 5280 
Rx 0.288917 2 1 3 5280 416639
Tx 0.289 2 1 3 5280 
Rx 0.289017 2 1 3 5280 416639
Tx 0.2891 2 1 3 5280 
Rx 0.289117 2 1 3 5280 416639
Tx 0.2892 2 1 3 5280 
Rx 0.289217 2 1 3 5280 416639
Tx 0.2893 2 1 3 5280 
Rx 0.289317 2 1 3 5280 416639
Tx 0.2894 2 1 3 5280 
Rx 0.289417 2 1 3 5280 416639
Tx 0.2895 2 1 3 5280 
Rx 0.289517 2 1 3 5280 416639
Tx 0.2896 2 1 3 5280 
Rx 0.289617 2 1 3 5280 416639
Tx 0.2897 2 1 3 5280 
Rx 0.289717 2 1 3 5280 416639
Tx 0.2898 2 1 3 5280 
Rx 0.289817 2 1 3 5280 416639
Tx 0.2899 2 1 3 5280 
Rx 0.289917 2 1 3 5280 416639
Tx 0.29 2 1 3 5280 
Rx 0.290017 2 1 3 5280 416639
Tx 0.2901 2 1 3 5280 
Rx 0.290117 2 1 3 5280 416639
Tx 0.2902 2 1 3 5280 
Rx 0.290217 2 1 3 5280 416639
Tx 0.2903 2 1 3 5280 
Rx 0.290317 2 1 3 5280 416639
Tx 0.2904 2 1 3 5280 
Rx 0.290417 2 1 3 5280 416639
Tx 0.2905 2 1 3 5280 
Rx 0.290517 2 1 3 5280 416639
Tx 0.2906 2 1 3 5280 
Rx 0.290617 2 1 3 5280 416639
Tx 0.2907 2 1 3 5280 
Rx 0.290717 2 1 3 5280 416639
Tx 0.2908 2 1 3 5280 
Rx 0.290817 2 1 3 5280 416639
Tx 0.2909 2 1 3 5280 
Rx 0.290917 2 1 3 5280 416639
Tx 0.291 2 1 3 5280 
Rx 0.291017 2 1 3 5280 416639
Tx 0.2911 2 1 3 5280 
Rx 0.291117 2 1 3 5280 416639
Tx 0.2912 2 1 3 5280 
Rx 0.291217 2 1 3 5280 416639
Tx 0.2913 2 1 3 5280 
Rx 0.291317 2 1 3 5280 416639
Tx 0.2914 2 1 3 5280 
Rx 0.291417 2 1 3 5280 416639
Tx 0.2915 2 1 3 5280 
Rx 0.291517 2 1 3 5280 416639
Tx 0.2916 2 1 3 5280 
Rx 0.291617 2 1 3 5280 416639
Tx 0.2917 2 1 3 5280 
Rx 0.291717 2 1 3 5280 416639
Tx 0.2918 2 1 3 5280 
Rx 0.291817 2 1 3 5280 416639
Tx 0.2919 2 1 3 5280 
Rx 0.291917 2 1 3 5280 416639
Tx 0.292 2 1 3 5280 
Rx 0.292017 2 1 3 5280 416639
Tx 0.2921 2 1 3 5280 
Rx 0.292117 2 1 3 5280 416639
Tx 0.2922 2 1 3 5280 
Rx 0.292217 2 1 3 5280 416639
Tx 0.2923 2 1 3 5280 
Rx 0.292317 2 1 3 5280 416639
Tx 0.2924 2 1 3 5280 
Rx 0.292417 2 1 3 5280 416639
Tx 0.2925 2 1 3 5280 
Rx 0.292517 2 1 3 5280 416639
Tx 0.2926 2 1 3 5280 
Rx 0.292617 2 1 3 5280 416639
Tx 0.2927 2 1 3 5280 
Rx 0.292717 2 1 3 5280 416639
Tx 0.2928 2 1 3 5280 
Rx 0.292817 2 1 3 5280 416639
Tx 0.2929 2 1 3 5280 
Rx 0.292917 2 1 3 5280 416639
Tx 0.293 2 1 3 5280 
Rx 0.293017 2 1 3 5280 416639
Tx 0.2931 2 1 3 5280 
Rx 0.293117 2 1 3 5280 416639
Tx 0.2932 2 1 3 5280 
Rx 0.293217 2 1 3 5280 416639
Tx 0.2933 2 1 3 5280 
Rx 0.293317 2 1 3 5280 416639
Tx 0.2934 2 1 3 5280 
Rx 0.293417 2 1 3 5280 416639
Tx 0.2935 2 1 3 5280 
Rx 0.293517 2 1 3 5280 416639
Tx 0.2936 2 1 3 5280 
Rx 0.293617 2 1 3 5280 416639
Tx 0.2937 2 1 3 5280 
Rx 0.293717 2 1 3 5280 416639
Tx 0.2938 2 1 3 5280 
Rx 0.293817 2 1 3 5280 416639
Tx 0.2939 2 1 3 5280 
Rx 0.293917 2 1 3 5280 416639
Tx 0.294 2 1 3 5280 
Rx 0.294017 2 1 3 5280 416639
Tx 0.2941 2 1 3 5280 
Rx 0.294117 2 1 3 5280 416639
Tx 0.2942 2 1 3 5280 
Rx 0.294217 2 1 3 5280 416639
Tx 0.2943 2 1 3 5280 
Rx 0.294317 2 1 3 5280 416639
Tx 0.2944 2 1 3 5280 
Rx 0.294417 2 1 3 5280 416639
Tx 0.2945 2 1 3 5280 
Rx 0.294517 2 1 3 5280 416639
Tx 0.2946 2 1 3 5280 
Rx 0.294617 2 1 3 5280 416639
Tx 0.2947 2 1 3 5280 
Rx 0.294717 2 1 3 5280 416639
Tx 0.2948 2 1 3 5280 
Rx 0.294817 2 1 3 5280 416639
Tx 0.2949 2 1 3 5280 
Rx 0.294917 2 1 3 5280 416639
Tx 0.295 2 1 3 5280 
Rx 0.295017 2 1 3 5280 416639
Tx 0.2951 2 1 3 5280 
Rx 0.295117 2 1 3 5280 416639
Tx 0.2952 2 1 3 5280 
Rx 0.295217 2 1 3 5280 416639
Tx 0.2953 2 1 3 5280 
Rx 0.295317 2 1 3 5280 416639
Tx 0.2954 2 1 3 5280 
Rx 0.295417 2 1 3 5280 416639
Tx 0.2955 2 1 3 5280 
Rx 0.295517 2 1 3 5280 416639
Tx 0.2956 2 1 3 5280 
Rx 0.295617 2 1 3 5280 416639
Tx 0.2957 2 1 3 5280 
Rx 0.295717 2 1 3 5280 416639
Tx 0.2958 2 1 3 5280 
Rx 0.295817 2 1 3 5280 416639
Tx 0.2959 2 1 3 5280 
Rx 0.295917 2 1 3 5280 416639
Tx 0.296 2 1 3 5280 
Rx 0.296017 2 1 3 5280 416639
Tx 0.2961 2 1 3 5280 
Rx 0.296117 2 1 3 5280 416639
Tx 0.2962 2 1 3 5280 
Rx 0.296217 2 1 3 5280 416639
Tx 0.2963 2 1 3 5280 
Rx 0.296317 2 1 3 5280 416639
Tx 0.2964 2 1 3 5280 
Rx 0.296417 2 1 3 5280 416639
Tx 0.2965 2 1 3 5280 
Rx 0.296517 2 1 3 5280 416639
Tx 0.2966 2 1 3 5280 
Rx 0.296617 2 1 3 5280 416639
Tx 0.2967 2 1 3 5280 
Rx 0.296717 2 1 3 5280 416639
Tx 0.2968 2 1 3 5280 
Rx 0.296817 2 1 3 5280 416639
Tx 0.2969 2 1 3 5280 
Rx 0.296917 2 1 3 5280 416639
Tx 0.297 2 1 3 5280 
Rx 0.297017 2 1 3 5280 416639
Tx 0.2971 2 1 3 5280 
Rx 0.297117 2 1 3 5280 416639
Tx 0.2972 2 1 3 5280 
Rx 0.297217 2 1 3 5280 416639
Tx 0.2973 2 1 3 5280 
Rx 0.297317 2 1 3 5280 416639
Tx 0.2974 2 1 3 5280 
Rx 0.297417 2 1 3 5280 416639
Tx 0.2975 2 1 3 5280 
Rx 0.297517 2 1 3 5280 416639
Tx 0.2976 2 1 3 5280 
Rx 0.297617 2 1 3 5280 416639
Tx 0.2977 2 1 3 5280 
Rx 0.297717 2 1 3 5280 416639
Tx 0.2978 2 1 3 5280 
Rx 0.297817 2 1 3 5280 416639
Tx 0.2979 2 1 3 5280 
Rx 0.297917 2 1 3 5280 416639
Tx 0.298 2 1 3 5280 
Rx 0.298017 2 1 3 5280 416639
Tx 0.2981 2 1 3 5280 
Rx 0.298117 2 1 3 5280 416639
Tx 0.2982 2 1 3 5280 
Rx 0.298217 2 1 3 5280 416639
Tx 0.2983 2 1 3 5280 
Rx 0.298317 2 1 3 5280 416639
Tx 0.2984 2 1 3 5280 
Rx 0.298417 2 1 3 5280 416639
Tx 0.2985 2 1 3 5280 
Rx 0.298517 2 1 3 5280 416639
Tx 0.2986 2 1 3 5280 
Rx 0.298617 2 1 3 5280 416639
Tx 0.2987 2 1 3 5280 
Rx 0.298717 2 1 3 5280 416639
Tx 0.2988 2 1 3 5280 
Rx 0.298817 2 1 3 5280 416639
Tx 0.2989 2 1 3 5280 
Rx 0.298917 2 1 3 5280 416639
Tx 0.299 2 1 3 5280 
Rx 0.299017 2 1 3 5280 416639
Tx 0.2991 2 1 3 5280 
Rx 0.299117 2 1 3 5280 416639
Tx 0.2992 2 1 3 5280 
Rx 0.299217 2 1 3 5280 416639
Tx 0.2993 2 1 3 5280 
Rx 0.299317 2 1 3 5280 416639
Tx 0.2994 2 1 3 5280 
Rx 0.299417 2 1 3 5280 416639
Tx 0.2995 2 1 3 5280 
Rx 0.299517 2 1 3 5280 416639
Tx 0.2996 2 1 3 5280 
Rx 0.299617 2 1 3 5280 416639
Tx 0.2997 2 1 3 5280 
Rx 0.299717 2 1 3 5280 416639
Tx 0.2998 2 1 3 5280 
Rx 0.299817 2 1 3 5280 416639
Tx 0.2999 2 1 3 5280 
Rx 0.299917 2 1 3 5280 416639
Tx 0.3 2 1 3 5280 
Rx 0.300017 2 1 3 5280 416639
Tx 0.3001 2 1 3 5280 
Rx 0.300117 2 1 3 5280 416639
Tx 0.3002 2 1 3 5280 
Rx 0.300217 2 1 3 5280 416639
Tx 0.3003 2 1 3 5280 
Rx 0.300317 2 1 3 5280 416639
Tx 0.3004 2 1 3 5280 
Rx 0.300417 2 1 3 5280 416639
Tx 0.3005 2 1 3 5280 
Rx 0.300517 2 1 3 5280 416639
Tx 0.3006 2 1 3 5280 
Rx 0.300617 2 1 3 5280 416639
Tx 0.3007 2 1 3 5280 
Rx 0.300717 2 1 3 5280 416639
Tx 0.3008 2 1 3 5280 
Rx 0.300817 2 1 3 5280 416639
Tx 0.3009 2 1 3 5280 
Rx 0.300917 2 1 3 5280 416639
Tx 0.301 2 1 3 5280 
Rx 0.301017 2 1 3 5280 416639
Tx 0.3011 2 1 3 5280 
Rx 0.301117 2 1 3 5280 416639
Tx 0.3012 2 1 3 5280 
Rx 0.301217 2 1 3 5280 416639
Tx 0.3013 2 1 3 5280 
Rx 0.301317 2 1 3 5280 416639
Tx 0.3014 2 1 3 5280 
Rx 0.301417 2 1 3 5280 416639
Tx 0.3015 2 1 3 5280 
Rx 0.301517 2 1 3 5280 416639
Tx 0.3016 2 1 3 5280 
Rx 0.301617 2 1 3 5280 416639
Tx 0.3017 2 1 3 5280 
Rx 0.301717 2 1 3 5280 416639
Tx 0.3018 2 1 3 5280 
Rx 0.301817 2 1 3 5280 416639
Tx 0.3019 2 1 3 5280 
Rx 0.301917 2 1 3 5280 416639
Tx 0.302 2 1 3 5280 
Rx 0.302017 2 1 3 5280 416639
Tx 0.3021 2 1 3 5280 
Rx 0.302117 2 1 3 5280 416639
Tx 0.3022 2 1 3 5280 
Rx 0.302217 2 1 3 5280 416639
Tx 0.3023 2 1 3 5280 
Rx 0.302317 2 1 3 5280 416639
Tx 0.3024 2 1 3 5280 
Rx 0.302417 2 1 3 5280 416639
Tx 0.3025 2 1 3 5280 
Rx 0.302517 2 1 3 5280 416639
Tx 0.3026 2 1 3 5280 
Rx 0.302617 2 1 3 5280 416639
Tx 0.3027 2 1 3 5280 
Rx 0.302717 2 1 3 5280 416639
Tx 0.3028 2 1 3 5280 
Rx 0.302817 2 1 3 5280 416639
Tx 0.3029 2 1 3 5280 
Rx 0.302917 2 1 3 5280 416639
Tx 0.303 2 1 3 5280 
Rx 0.303017 2 1 3 5280 416639
Tx 0.3031 2 1 3 5280 
Rx 0.303117 2 1 3 5280 416639
Tx 0.3032 2 1 3 5280 
Rx 0.303217 2 1 3 5280 416639
Tx 0.3033 2 1 3 5280 
Rx 0.303317 2 1 3 5280 416639
Tx 0.3034 2 1 3 5280 
Rx 0.303417 2 1 3 5280 416639
Tx 0.3035 2 1 3 5280 
Rx 0.303517 2 1 3 5280 416639
Tx 0.3036 2 1 3 5280 
Rx 0.303617 2 1 3 5280 416639
Tx 0.3037 2 1 3 5280 
Rx 0.303717 2 1 3 5280 416639
Tx 0.3038 2 1 3 5280 
Rx 0.303817 2 1 3 5280 416639
Tx 0.3039 2 1 3 5280 
Rx 0.303917 2 1 3 5280 416639
Tx 0.304 2 1 3 5280 
Rx 0.304017 2 1 3 5280 416639
Tx 0.3041 2 1 3 5280 
Rx 0.304117 2 1 3 5280 416639
Tx 0.3042 2 1 3 5280 
Rx 0.304217 2 1 3 5280 416639
Tx 0.3043 2 1 3 5280 
Rx 0.304317 2 1 3 5280 416639
Tx 0.3044 2 1 3 5280 
Rx 0.304417 2 1 3 5280 416639
Tx 0.3045 2 1 3 5280 
Rx 0.304517 2 1 3 5280 416639
Tx 0.3046 2 1 3 5280 
Rx 0.304617 2 1 3 5280 416639
Tx 0.3047 2 1 3 5280 
Rx 0.304717 2 1 3 5280 416639
Tx 0.3048 2 1 3 5280 
Rx 0.304817 2 1 3 5280 416639
Tx 0.3049 2 1 3 5280 
Rx 0.304917 2 1 3 5280 416639
Tx 0.305 2 1 3 5280 
Rx 0.305017 2 1 3 5280 416639
Tx 0.3051 2 1 3 5280 
Rx 0.305117 2 1 3 5280 416639
Tx 0.3052 2 1 3 5280 
Rx 0.305217 2 1 3 5280 416639
Tx 0.3053 2 1 3 5280 
Rx 0.305317 2 1 3 5280 416639
Tx 0.3054 2 1 3 5280 
Rx 0.305417 2 1 3 5280 416639
Tx 0.3055 2 1 3 5280 
Rx 0.305517 2 1 3 5280 416639
Tx 0.3056 2 1 3 5280 
Rx 0.305617 2 1 3 5280 416639
Tx 0.3057 2 1 3 5280 
Rx 0.305717 2 1 3 5280 416639
Tx 0.3058 2 1 3 5280 
Rx 0.305817 2 1 3 5280 416639
Tx 0.3059 2 1 3 5280 
Rx 0.305917 2 1 3 5280 416639
Tx 0.306 2 1 3 5280 
Rx 0.306017 2 1 3 5280 416639
Tx 0.3061 2 1 3 5280 
Rx 0.306117 2 1 3 5280 416639
Tx 0.3062 2 1 3 5280 
Rx 0.306217 2 1 3 5280 416639
Tx 0.3063 2 1 3 5280 
Rx 0.306317 2 1 3 5280 416639
Tx 0.3064 2 1 3 5280 
Rx 0.306417 2 1 3 5280 416639
Tx 0.3065 2 1 3 5280 
Rx 0.306517 2 1 3 5280 416639
Tx 0.3066 2 1 3 5280 
Rx 0.306617 2 1 3 5280 416639
Tx 0.3067 2 1 3 5280 
Rx 0.306717 2 1 3 5280 416639
Tx 0.3068 2 1 3 5280 
Rx 0.306817 2 1 3 5280 416639
Tx 0.3069 2 1 3 5280 
Rx 0.306917 2 1 3 5280 416639
Tx 0.307 2 1 3 5280 
Rx 0.307017 2 1 3 5280 416639
Tx 0.3071 2 1 3 5280 
Rx 0.307117 2 1 3 5280 416639
Tx 0.3072 2 1 3 5280 
Rx 0.307217 2 1 3 5280 416639
Tx 0.3073 2 1 3 5280 
Rx 0.307317 2 1 3 5280 416639
Tx 0.3074 2 1 3 5280 
Rx 0.307417 2 1 3 5280 416639
Tx 0.3075 2 1 3 5280 
Rx 0.307517 2 1 3 5280 416639
Tx 0.3076 2 1 3 5280 
Rx 0.307617 2 1 3 5280 416639
Tx 0.3077 2 1 3 5280 
Rx 0.307717 2 1 3 5280 416639
Tx 0.3078 2 1 3 5280 
Rx 0.307817 2 1 3 5280 416639
Tx 0.3079 2 1 3 5280 
Rx 0.307917 2 1 3 5280 416639
Tx 0.308 2 1 3 5280 
Rx 0.308017 2 1 3 5280 416639
Tx 0.3081 2 1 3 5280 
Rx 0.308117 2 1 3 5280 416639
Tx 0.3082 2 1 3 5280 
Rx 0.308217 2 1 3 5280 416639
Tx 0.3083 2 1 3 5280 
Rx 0.308317 2 1 3 5280 416639
Tx 0.3084 2 1 3 5280 
Rx 0.308417 2 1 3 5280 416639
Tx 0.3085 2 1 3 5280 
Rx 0.308517 2 1 3 5280 416639
Tx 0.3086 2 1 3 5280 
Rx 0.308617 2 1 3 5280 416639
Tx 0.3087 2 1 3 5280 
Rx 0.308717 2 1 3 5280 416639
Tx 0.3088 2 1 3 5280 
Rx 0.308817 2 1 3 5280 416639
Tx 0.3089 2 1 3 5280 
Rx 0.308917 2 1 3 5280 416639
Tx 0.309 2 1 3 5280 
Rx 0.309017 2 1 3 5280 416639
Tx 0.3091 2 1 3 5280 
Rx 0.309117 2 1 3 5280 416639
Tx 0.3092 2 1 3 5280 
Rx 0.309217 2 1 3 5280 416639
Tx 0.3093 2 1 3 5280 
Rx 0.309317 2 1 3 5280 416639
Tx 0.3094 2 1 3 5280 
Rx 0.309417 2 1 3 5280 416639
Tx 0.3095 2 1 3 5280 
Rx 0.309517 2 1 3 5280 416639
Tx 0.3096 2 1 3 5280 
Rx 0.309617 2 1 3 5280 416639
Tx 0.3097 2 1 3 5280 
Rx 0.309717 2 1 3 5280 416639
Tx 0.3098 2 1 3 5280 
Rx 0.309817 2 1 3 5280 416639
Tx 0.3099 2 1 3 5280 
Rx 0.309917 2 1 3 5280 416639
Tx 0.31 2 1 3 5280 
Rx 0.310017 2 1 3 5280 416639
Tx 0.3101 2 1 3 5280 
Rx 0.310117 2 1 3 5280 416639
Tx 0.3102 2 1 3 5280 
Rx 0.310217 2 1 3 5280 416639
Tx 0.3103 2 1 3 5280 
Rx 0.310317 2 1 3 5280 416639
Tx 0.3104 2 1 3 5280 
Rx 0.310417 2 1 3 5280 416639
Tx 0.3105 2 1 3 5280 
Rx 0.310517 2 1 3 5280 416639
Tx 0.3106 2 1 3 5280 
Rx 0.310617 2 1 3 5280 416639
Tx 0.3107 2 1 3 5280 
Rx 0.310717 2 1 3 5280 416639
Tx 0.3108 2 1 3 5280 
Rx 0.310817 2 1 3 5280 416639
Tx 0.3109 2 1 3 5280 
Rx 0.310917 2 1 3 5280 416639
Tx 0.311 2 1 3 5280 
Rx 0.311017 2 1 3 5280 416639
Tx 0.3111 2 1 3 5280 
Rx 0.311117 2 1 3 5280 416639
Tx 0.3112 2 1 3 5280 
Rx 0.311217 2 1 3 5280 416639
Tx 0.3113 2 1 3 5280 
Rx 0.311317 2 1 3 5280 416639
Tx 0.3114 2 1 3 5280 
Rx 0.311417 2 1 3 5280 416639
Tx 0.3115 2 1 3 5280 
Rx 0.311517 2 1 3 5280 416639
Tx 0.3116 2 1 3 5280 
Rx 0.311617 2 1 3 5280 416639
Tx 0.3117 2 1 3 5280 
Rx 0.311717 2 1 3 5280 416639
Tx 0.3118 2 1 3 5280 
Rx 0.311817 2 1 3 5280 416639
Tx 0.3119 2 1 3 5280 
Rx 0.311917 2 1 3 5280 416639
Tx 0.312 2 1 3 5280 
Rx 0.312017 2 1 3 5280 416639
Tx 0.3121 2 1 3 5280 
Rx 0.312117 2 1 3 5280 416639
Tx 0.3122 2 1 3 5280 
Rx 0.312217 2 1 3 5280 416639
Tx 0.3123 2 1 3 5280 
Rx 0.312317 2 1 3 5280 416639
Tx 0.3124 2 1 3 5280 
Rx 0.312417 2 1 3 5280 416639
Tx 0.3125 2 1 3 5280 
Rx 0.312517 2 1 3 5280 416639
Tx 0.3126 2 1 3 5280 
Rx 0.312617 2 1 3 5280 416639
Tx 0.3127 2 1 3 5280 
Rx 0.312717 2 1 3 5280 416639
Tx 0.3128 2 1 3 5280 
Rx 0.312817 2 1 3 5280 416639
Tx 0.3129 2 1 3 5280 
Rx 0.312917 2 1 3 5280 416639
Tx 0.313 2 1 3 5280 
Rx 0.313017 2 1 3 5280 416639
Tx 0.3131 2 1 3 5280 
Rx 0.313117 2 1 3 5280 416639
Tx 0.3132 2 1 3 5280 
Rx 0.313217 2 1 3 5280 416639
Tx 0.3133 2 1 3 5280 
Rx 0.313317 2 1 3 5280 416639
Tx 0.3134 2 1 3 5280 
Rx 0.313417 2 1 3 5280 416639
Tx 0.3135 2 1 3 5280 
Rx 0.313517 2 1 3 5280 416639
Tx 0.3136 2 1 3 5280 
Rx 0.313617 2 1 3 5280 416639
Tx 0.3137 2 1 3 5280 
Rx 0.313717 2 1 3 5280 416639
Tx 0.3138 2 1 3 5280 
Rx 0.313817 2 1 3 5280 416639
Tx 0.3139 2 1 3 5280 
Rx 0.313917 2 1 3 5280 416639
Tx 0.314 2 1 3 5280 
Rx 0.314017 2 1 3 5280 416639
Tx 0.3141 2 1 3 5280 
Rx 0.314117 2 1 3 5280 416639
Tx 0.3142 2 1 3 5280 
Rx 0.314217 2 1 3 5280 416639
Tx 0.3143 2 1 3 5280 
Rx 0.314317 2 1 3 5280 416639
Tx 0.3144 2 1 3 5280 
Rx 0.314417 2 1 3 5280 416639
Tx 0.3145 2 1 3 5280 
Rx 0.314517 2 1 3 5280 416639
Tx 0.3146 2 1 3 5280 
Rx 0.314617 2 1 3 5280 416639
Tx 0.3147 2 1 3 5280 
Rx 0.314717 2 1 3 5280 416639
Tx 0.3148 2 1 3 5280 
Rx 0.314817 2 1 3 5280 416639
Tx 0.3149 2 1 3 5280 
Rx 0.314917 2 1 3 5280 416639
Tx 0.315 2 1 3 5280 
Rx 0.315017 2 1 3 5280 416639
Tx 0.3151 2 1 3 5280 
Rx 0.315117 2 1 3 5280 416639
Tx 0.3152 2 1 3 5280 
Rx 0.315217 2 1 3 5280 416639
Tx 0.3153 2 1 3 5280 
Rx 0.315317 2 1 3 5280 416639
Tx 0.3154 2 1 3 5280 
Rx 0.315417 2 1 3 5280 416639
Tx 0.3155 2 1 3 5280 
Rx 0.315517 2 1 3 5280 416639
Tx 0.3156 2 1 3 5280 
Rx 0.315617 2 1 3 5280 416639
Tx 0.3157 2 1 3 5280 
Rx 0.315717 2 1 3 5280 416639
Tx 0.3158 2 1 3 5280 
Rx 0.315817 2 1 3 5280 416639
Tx 0.3159 2 1 3 5280 
Rx 0.315917 2 1 3 5280 416639
Tx 0.316 2 1 3 5280 
Rx 0.316017 2 1 3 5280 416639
Tx 0.3161 2 1 3 5280 
Rx 0.316117 2 1 3 5280 416639
Tx 0.3162 2 1 3 5280 
Rx 0.316217 2 1 3 5280 416639
Tx 0.3163 2 1 3 5280 
Rx 0.316317 2 1 3 5280 416639
Tx 0.3164 2 1 3 5280 
Rx 0.316417 2 1 3 5280 416639
Tx 0.3165 2 1 3 5280 
Rx 0.316517 2 1 3 5280 416639
Tx 0.3166 2 1 3 5280 
Rx 0.316617 2 1 3 5280 416639
Tx 0.3167 2 1 3 5280 
Rx 0.316717 2 1 3 5280 416639
Tx 0.3168 2 1 3 5280 
Rx 0.316817 2 1 3 5280 416639
Tx 0.3169 2 1 3 5280 
Rx 0.316917 2 1 3 5280 416639
Tx 0.317 2 1 3 5280 
Rx 0.317017 2 1 3 5280 416639
Tx 0.3171 2 1 3 5280 
Rx 0.317117 2 1 3 5280 416639
Tx 0.3172 2 1 3 5280 
Rx 0.317217 2 1 3 5280 416639
Tx 0.3173 2 1 3 5280 
Rx 0.317317 2 1 3 5280 416639
Tx 0.3174 2 1 3 5280 
Rx 0.317417 2 1 3 5280 416639
Tx 0.3175 2 1 3 5280 
Rx 0.317517 2 1 3 5280 416639
Tx 0.3176 2 1 3 5280 
Rx 0.317617 2 1 3 5280 416639
Tx 0.3177 2 1 3 5280 
Rx 0.317717 2 1 3 5280 416639
Tx 0.3178 2 1 3 5280 
Rx 0.317817 2 1 3 5280 416639
Tx 0.3179 2 1 3 5280 
Rx 0.317917 2 1 3 5280 416639
Tx 0.318 2 1 3 5280 
Rx 0.318017 2 1 3 5280 416639
Tx 0.3181 2 1 3 5280 
Rx 0.318117 2 1 3 5280 416639
Tx 0.3182 2 1 3 5280 
Rx 0.318217 2 1 3 5280 416639
Tx 0.3183 2 1 3 5280 
Rx 0.318317 2 1 3 5280 416639
Tx 0.3184 2 1 3 5280 
Rx 0.318417 2 1 3 5280 416639
Tx 0.3185 2 1 3 5280 
Rx 0.318517 2 1 3 5280 416639
Tx 0.3186 2 1 3 5280 
Rx 0.318617 2 1 3 5280 416639
Tx 0.3187 2 1 3 5280 
Rx 0.318717 2 1 3 5280 416639
Tx 0.3188 2 1 3 5280 
Rx 0.318817 2 1 3 5280 416639
Tx 0.3189 2 1 3 5280 
Rx 0.318917 2 1 3 5280 416639
Tx 0.319 2 1 3 5280 
Rx 0.319017 2 1 3 5280 416639
Tx 0.3191 2 1 3 5280 
Rx 0.319117 2 1 3 5280 416639
Tx 0.3192 2 1 3 5280 
Rx 0.319217 2 1 3 5280 416639
Tx 0.3193 2 1 3 5280 
Rx 0.319317 2 1 3 5280 416639
Tx 0.3194 2 1 3 5280 
Rx 0.319417 2 1 3 5280 416639
Tx 0.3195 2 1 3 5280 
Rx 0.319517 2 1 3 5280 416639
Tx 0.3196 2 1 3 5280 
Rx 0.319617 2 1 3 5280 416639
Tx 0.3197 2 1 3 5280 
Rx 0.319717 2 1 3 5280 416639
Tx 0.3198 2 1 3 5280 
Rx 0.319817 2 1 3 5280 416639
Tx 0.3199 2 1 3 5280 
Rx 0.319917 2 1 3 5280 416639
Tx 0.32 2 1 3 5280 
Rx 0.320017 2 1 3 5280 416639
Tx 0.3201 2 1 3 5280 
Rx 0.320117 2 1 3 5280 416639
Tx 0.3202 2 1 3 5280 
Rx 0.320217 2 1 3 5280 416639
Tx 0.3203 2 1 3 5280 
Rx 0.320317 2 1 3 5280 416639
Tx 0.3204 2 1 3 5280 
Rx 0.320417 2 1 3 5280 416639
Tx 0.3205 2 1 3 5280 
Rx 0.320517 2 1 3 5280 416639
Tx 0.3206 2 1 3 5280 
Rx 0.320617 2 1 3 5280 416639
Tx 0.3207 2 1 3 5280 
Rx 0.320717 2 1 3 5280 416639
Tx 0.3208 2 1 3 5280 
Rx 0.320817 2 1 3 5280 416639
Tx 0.3209 2 1 3 5280 
Rx 0.320917 2 1 3 5280 416639
Tx 0.321 2 1 3 5280 
Rx 0.321017 2 1 3 5280 416639
Tx 0.3211 2 1 3 5280 
Rx 0.321117 2 1 3 5280 416639
Tx 0.3212 2 1 3 5280 
Rx 0.321217 2 1 3 5280 416639
Tx 0.3213 2 1 3 5280 
Rx 0.321317 2 1 3 5280 416639
Tx 0.3214 2 1 3 5280 
Rx 0.321417 2 1 3 5280 416639
Tx 0.3215 2 1 3 5280 
Rx 0.321517 2 1 3 5280 416639
Tx 0.3216 2 1 3 5280 
Rx 0.321617 2 1 3 5280 416639
Tx 0.3217 2 1 3 5280 
Rx 0.321717 2 1 3 5280 416639
Tx 0.3218 2 1 3 5280 
Rx 0.321817 2 1 3 5280 416639
Tx 0.3219 2 1 3 5280 
Rx 0.321917 2 1 3 5280 416639
Tx 0.322 2 1 3 5280 
Rx 0.322017 2 1 3 5280 416639
Tx 0.3221 2 1 3 5280 
Rx 0.322117 2 1 3 5280 416639
Tx 0.3222 2 1 3 5280 
Rx 0.322217 2 1 3 5280 416639
Tx 0.3223 2 1 3 5280 
Rx 0.322317 2 1 3 5280 416639
Tx 0.3224 2 1 3 5280 
Rx 0.322417 2 1 3 5280 416639
Tx 0.3225 2 1 3 5280 
Rx 0.322517 2 1 3 5280 416639
Tx 0.3226 2 1 3 5280 
Rx 0.322617 2 1 3 5280 416639
Tx 0.3227 2 1 3 5280 
Rx 0.322717 2 1 3 5280 416639
Tx 0.3228 2 1 3 5280 
Rx 0.322817 2 1 3 5280 416639
Tx 0.3229 2 1 3 5280 
Rx 0.322917 2 1 3 5280 416639
Tx 0.323 2 1 3 5280 
Rx 0.323017 2 1 3 5280 416639
Tx 0.3231 2 1 3 5280 
Rx 0.323117 2 1 3 5280 416639
Tx 0.3232 2 1 3 5280 
Rx 0.323217 2 1 3 5280 416639
Tx 0.3233 2 1 3 5280 
Rx 0.323317 2 1 3 5280 416639
Tx 0.3234 2 1 3 5280 
Rx 0.323417 2 1 3 5280 416639
Tx 0.3235 2 1 3 5280 
Rx 0.323517 2 1 3 5280 416639
Tx 0.3236 2 1 3 5280 
Rx 0.323617 2 1 3 5280 416639
Tx 0.3237 2 1 3 5280 
Rx 0.323717 2 1 3 5280 416639
Tx 0.3238 2 1 3 5280 
Rx 0.323817 2 1 3 5280 416639
Tx 0.3239 2 1 3 5280 
Rx 0.323917 2 1 3 5280 416639
Tx 0.324 2 1 3 5280 
Rx 0.324017 2 1 3 5280 416639
Tx 0.3241 2 1 3 5280 
Rx 0.324117 2 1 3 5280 416639
Tx 0.3242 2 1 3 5280 
Rx 0.324217 2 1 3 5280 416639
Tx 0.3243 2 1 3 5280 
Rx 0.324317 2 1 3 5280 416639
Tx 0.3244 2 1 3 5280 
Rx 0.324417 2 1 3 5280 416639
Tx 0.3245 2 1 3 5280 
Rx 0.324517 2 1 3 5280 416639
Tx 0.3246 2 1 3 5280 
Rx 0.324617 2 1 3 5280 416639
Tx 0.3247 2 1 3 5280 
Rx 0.324717 2 1 3 5280 416639
Tx 0.3248 2 1 3 5280 
Rx 0.324817 2 1 3 5280 416639
Tx 0.3249 2 1 3 5280 
Rx 0.324917 2 1 3 5280 416639
Tx 0.325 2 1 3 5280 
Rx 0.325017 2 1 3 5280 416639
Tx 0.3251 2 1 3 5280 
Rx 0.325117 2 1 3 5280 416639
Tx 0.3252 2 1 3 5280 
Rx 0.325217 2 1 3 5280 416639
Tx 0.3253 2 1 3 5280 
Rx 0.325317 2 1 3 5280 416639
Tx 0.3254 2 1 3 5280 
Rx 0.325417 2 1 3 5280 416639
Tx 0.3255 2 1 3 5280 
Rx 0.325517 2 1 3 5280 416639
Tx 0.3256 2 1 3 5280 
Rx 0.325617 2 1 3 5280 416639
Tx 0.3257 2 1 3 5280 
Rx 0.325717 2 1 3 5280 416639
Tx 0.3258 2 1 3 5280 
Rx 0.325817 2 1 3 5280 416639
Tx 0.3259 2 1 3 5280 
Rx 0.325917 2 1 3 5280 416639
Tx 0.326 2 1 3 5280 
Rx 0.326017 2 1 3 5280 416639
Tx 0.3261 2 1 3 5280 
Rx 0.326117 2 1 3 5280 416639
Tx 0.3262 2 1 3 5280 
Rx 0.326217 2 1 3 5280 416639
Tx 0.3263 2 1 3 5280 
Rx 0.326317 2 1 3 5280 416639
Tx 0.3264 2 1 3 5280 
Rx 0.326417 2 1 3 5280 416639
Tx 0.3265 2 1 3 5280 
Rx 0.326517 2 1 3 5280 416639
Tx 0.3266 2 1 3 5280 
Rx 0.326617 2 1 3 5280 416639
Tx 0.3267 2 1 3 5280 
Rx 0.326717 2 1 3 5280 416639
Tx 0.3268 2 1 3 5280 
Rx 0.326817 2 1 3 5280 416639
Tx 0.3269 2 1 3 5280 
Rx 0.326917 2 1 3 5280 416639
Tx 0.327 2 1 3 5280 
Rx 0.327017 2 1 3 5280 416639
Tx 0.3271 2 1 3 5280 
Rx 0.327117 2 1 3 5280 416639
Tx 0.3272 2 1 3 5280 
Rx 0.327217 2 1 3 5280 416639
Tx 0.3273 2 1 3 5280 
Rx 0.327317 2 1 3 5280 416639
Tx 0.3274 2 1 3 5280 
Rx 0.327417 2 1 3 5280 416639
Tx 0.3275 2 1 3 5280 
Rx 0.327517 2 1 3 5280 416639
Tx 0.3276 2 1 3 5280 
Rx 0.327617 2 1 3 5280 416639
Tx 0.3277 2 1 3 5280 
Rx 0.327717 2 1 3 5280 416639
Tx 0.3278 2 1 3 5280 
Rx 0.327817 2 1 3 5280 416639
Tx 0.3279 2 1 3 5280 
Rx 0.327917 2 1 3 5280 416639
Tx 0.328 2 1 3 5280 
Rx 0.328017 2 1 3 5280 416639
Tx 0.3281 2 1 3 5280 
Rx 0.328117 2 1 3 5280 416639
Tx 0.3282 2 1 3 5280 
Rx 0.328217 2 1 3 5280 416639
Tx 0.3283 2 1 3 5280 
Rx 0.328317 2 1 3 5280 416639
Tx 0.3284 2 1 3 5280 
Rx 0.328417 2 1 3 5280 416639
Tx 0.3285 2 1 3 5280 
Rx 0.328517 2 1 3 5280 416639
Tx 0.3286 2 1 3 5280 
Rx 0.328617 2 1 3 5280 416639
Tx 0.3287 2 1 3 5280 
Rx 0.328717 2 1 3 5280 416639
Tx 0.3288 2 1 3 5280 
Rx 0.328817 2 1 3 5280 416639
Tx 0.3289 2 1 3 5280 
Rx 0.328917 2 1 3 5280 416639
Tx 0.329 2 1 3 5280 
Rx 0.329017 2 1 3 5280 416639
Tx 0.3291 2 1 3 5280 
Rx 0.329117 2 1 3 5280 416639
Tx 0.3292 2 1 3 5280 
Rx 0.329217 2 1 3 5280 416639
Tx 0.3293 2 1 3 5280 
Rx 0.329317 2 1 3 5280 416639
Tx 0.3294 2 1 3 5280 
Rx 0.329417 2 1 3 5280 416639
Tx 0.3295 2 1 3 5280 
Rx 0.329517 2 1 3 5280 416639
Tx 0.3296 2 1 3 5280 
Rx 0.329617 2 1 3 5280 416639
Tx 0.3297 2 1 3 5280 
Rx 0.329717 2 1 3 5280 416639
Tx 0.3298 2 1 3 5280 
Rx 0.329817 2 1 3 5280 416639
Tx 0.3299 2 1 3 5280 
Rx 0.329917 2 1 3 5280 416639
Tx 0.33 2 1 3 5280 
Rx 0.330017 2 1 3 5280 416639
Tx 0.3301 2 1 3 5280 
Rx 0.330117 2 1 3 5280 416639
Tx 0.3302 2 1 3 5280 
Rx 0.330217 2 1 3 5280 416639
Tx 0.3303 2 1 3 5280 
Rx 0.330317 2 1 3 5280 416639
Tx 0.3304 2 1 3 5280 
Rx 0.330417 2 1 3 5280 416639
Tx 0.3305 2 1 3 5280 
Rx 0.330517 2 1 3 5280 416639
Tx 0.3306 2 1 3 5280 
Rx 0.330617 2 1 3 5280 416639
Tx 0.3307 2 1 3 5280 
Rx 0.330717 2 1 3 5280 416639
Tx 0.3308 2 1 3 5280 
Rx 0.330817 2 1 3 5280 416639
Tx 0.3309 2 1 3 5280 
Rx 0.330917 2 1 3 5280 416639
Tx 0.331 2 1 3 5280 
Rx 0.331017 2 1 3 5280 416639
Tx 0.3311 2 1 3 5280 
Rx 0.331117 2 1 3 5280 416639
Tx 0.3312 2 1 3 5280 
Rx 0.331217 2 1 3 5280 416639
Tx 0.3313 2 1 3 5280 
Rx 0.331317 2 1 3 5280 416639
Tx 0.3314 2 1 3 5280 
Rx 0.331417 2 1 3 5280 416639
Tx 0.3315 2 1 3 5280 
Rx 0.331517 2 1 3 5280 416639
Tx 0.3316 2 1 3 5280 
Rx 0.331617 2 1 3 5280 416639
Tx 0.3317 2 1 3 5280 
Rx 0.331717 2 1 3 5280 416639
Tx 0.3318 2 1 3 5280 
Rx 0.331817 2 1 3 5280 416639
Tx 0.3319 2 1 3 5280 
Rx 0.331917 2 1 3 5280 416639
Tx 0.332 2 1 3 5280 
Rx 0.332017 2 1 3 5280 416639
Tx 0.3321 2 1 3 5280 
Rx 0.332117 2 1 3 5280 416639
Tx 0.3322 2 1 3 5280 
Rx 0.332217 2 1 3 5280 416639
Tx 0.3323 2 1 3 5280 
Rx 0.332317 2 1 3 5280 416639
Tx 0.3324 2 1 3 5280 
Rx 0.332417 2 1 3 5280 416639
Tx 0.3325 2 1 3 5280 
Rx 0.332517 2 1 3 5280 416639
Tx 0.3326 2 1 3 5280 
Rx 0.332617 2 1 3 5280 416639
Tx 0.3327 2 1 3 5280 
Rx 0.332717 2 1 3 5280 416639
Tx 0.3328 2 1 3 5280 
Rx 0.332817 2 1 3 5280 416639
Tx 0.3329 2 1 3 5280 
Rx 0.332917 2 1 3 5280 416639
Tx 0.333 2 1 3 5280 
Rx 0.333017 2 1 3 5280 416639
Tx 0.3331 2 1 3 5280 
Rx 0.333117 2 1 3 5280 416639
Tx 0.3332 2 1 3 5280 
Rx 0.333217 2 1 3 5280 416639
Tx 0.3333 2 1 3 5280 
Rx 0.333317 2 1 3 5280 416639
Tx 0.3334 2 1 3 5280 
Rx 0.333417 2 1 3 5280 416639
Tx 0.3335 2 1 3 5280 
Rx 0.333517 2 1 3 5280 416639
Tx 0.3336 2 1 3 5280 
Rx 0.333617 2 1 3 5280 416639
Tx 0.3337 2 1 3 5280 
Rx 0.333717 2 1 3 5280 416639
Tx 0.3338 2 1 3 5280 
Rx 0.333817 2 1 3 5280 416639
Tx 0.3339 2 1 3 5280 
Rx 0.333917 2 1 3 5280 416639
Tx 0.334 2 1 3 5280 
Rx 0.334017 2 1 3 5280 416639
Tx 0.3341 2 1 3 5280 
Rx 0.334117 2 1 3 5280 416639
Tx 0.3342 2 1 3 5280 
Rx 0.334217 2 1 3 5280 416639
Tx 0.3343 2 1 3 5280 
Rx 0.334317 2 1 3 5280 416639
Tx 0.3344 2 1 3 5280 
Rx 0.334417 2 1 3 5280 416639
Tx 0.3345 2 1 3 5280 
Rx 0.334517 2 1 3 5280 416639
Tx 0.3346 2 1 3 5280 
Rx 0.334617 2 1 3 5280 416639
Tx 0.3347 2 1 3 5280 
Rx 0.334717 2 1 3 5280 416639
Tx 0.3348 2 1 3 5280 
Rx 0.334817 2 1 3 5280 416639
Tx 0.3349 2 1 3 5280 
Rx 0.334917 2 1 3 5280 416639
Tx 0.335 2 1 3 5280 
Rx 0.335017 2 1 3 5280 416639
Tx 0.3351 2 1 3 5280 
Rx 0.335117 2 1 3 5280 416639
Tx 0.3352 2 1 3 5280 
Rx 0.335217 2 1 3 5280 416639
Tx 0.3353 2 1 3 5280 
Rx 0.335317 2 1 3 5280 416639
Tx 0.3354 2 1 3 5280 
Rx 0.335417 2 1 3 5280 416639
Tx 0.3355 2 1 3 5280 
Rx 0.335517 2 1 3 5280 416639
Tx 0.3356 2 1 3 5280 
Rx 0.335617 2 1 3 5280 416639
Tx 0.3357 2 1 3 5280 
Rx 0.335717 2 1 3 5280 416639
Tx 0.3358 2 1 3 5280 
Rx 0.335817 2 1 3 5280 416639
Tx 0.3359 2 1 3 5280 
Rx 0.335917 2 1 3 5280 416639
Tx 0.336 2 1 3 5280 
Rx 0.336017 2 1 3 5280 416639
Tx 0.3361 2 1 3 5280 
Rx 0.336117 2 1 3 5280 416639
Tx 0.3362 2 1 3 5280 
Rx 0.336217 2 1 3 5280 416639
Tx 0.3363 2 1 3 5280 
Rx 0.336317 2 1 3 5280 416639
Tx 0.3364 2 1 3 5280 
Rx 0.336417 2 1 3 5280 416639
Tx 0.3365 2 1 3 5280 
Rx 0.336517 2 1 3 5280 416639
Tx 0.3366 2 1 3 5280 
Rx 0.336617 2 1 3 5280 416639
Tx 0.3367 2 1 3 5280 
Rx 0.336717 2 1 3 5280 416639
Tx 0.3368 2 1 3 5280 
Rx 0.336817 2 1 3 5280 416639
Tx 0.3369 2 1 3 5280 
Rx 0.336917 2 1 3 5280 416639
Tx 0.337 2 1 3 5280 
Rx 0.337017 2 1 3 5280 416639
Tx 0.3371 2 1 3 5280 
Rx 0.337117 2 1 3 5280 416639
Tx 0.3372 2 1 3 5280 
Rx 0.337217 2 1 3 5280 416639
Tx 0.3373 2 1 3 5280 
Rx 0.337317 2 1 3 5280 416639
Tx 0.3374 2 1 3 5280 
Rx 0.337417 2 1 3 5280 416639
Tx 0.3375 2 1 3 5280 
Rx 0.337517 2 1 3 5280 416639
Tx 0.3376 2 1 3 5280 
Rx 0.337617 2 1 3 5280 416639
Tx 0.3377 2 1 3 5280 
Rx 0.337717 2 1 3 5280 416639
Tx 0.3378 2 1 3 5280 
Rx 0.337817 2 1 3 5280 416639
Tx 0.3379 2 1 3 5280 
Rx 0.337917 2 1 3 5280 416639
Tx 0.338 2 1 3 5280 
Rx 0.338017 2 1 3 5280 416639
Tx 0.3381 2 1 3 5280 
Rx 0.338117 2 1 3 5280 416639
Tx 0.3382 2 1 3 5280 
Rx 0.338217 2 1 3 5280 416639
Tx 0.3383 2 1 3 5280 
Rx 0.338317 2 1 3 5280 416639
Tx 0.3384 2 1 3 5280 
Rx 0.338417 2 1 3 5280 416639
Tx 0.3385 2 1 3 5280 
Rx 0.338517 2 1 3 5280 416639
Tx 0.3386 2 1 3 5280 
Rx 0.338617 2 1 3 5280 416639
Tx 0.3387 2 1 3 5280 
Rx 0.338717 2 1 3 5280 416639
Tx 0.3388 2 1 3 5280 
Rx 0.338817 2 1 3 5280 416639
Tx 0.3389 2 1 3 5280 
Rx 0.338917 2 1 3 5280 416639
Tx 0.339 2 1 3 5280 
Rx 0.339017 2 1 3 5280 416639
Tx 0.3391 2 1 3 5280 
Rx 0.339117 2 1 3 5280 416639
Tx 0.3392 2 1 3 5280 
Rx 0.339217 2 1 3 5280 416639
Tx 0.3393 2 1 3 5280 
Rx 0.339317 2 1 3 5280 416639
Tx 0.3394 2 1 3 5280 
Rx 0.339417 2 1 3 5280 416639
Tx 0.3395 2 1 3 5280 
Rx 0.339517 2 1 3 5280 416639
Tx 0.3396 2 1 3 5280 
Rx 0.339617 2 1 3 5280 416639
Tx 0.3397 2 1 3 5280 
Rx 0.339717 2 1 3 5280 416639
Tx 0.3398 2 1 3 5280 
Rx 0.339817 2 1 3 5280 416639
Tx 0.3399 2 1 3 5280 
Rx 0.339917 2 1 3 5280 416639
Tx 0.34 2 1 3 5280 
Rx 0.340017 2 1 3 5280 416639
Tx 0.3401 2 1 3 5280 
Rx 0.340117 2 1 3 5280 416639
Tx 0.3402 2 1 3 5280 
Rx 0.340217 2 1 3 5280 416639
Tx 0.3403 2 1 3 5280 
Rx 0.340317 2 1 3 5280 416639
Tx 0.3404 2 1 3 5280 
Rx 0.340417 2 1 3 5280 416639
Tx 0.3405 2 1 3 5280 
Rx 0.340517 2 1 3 5280 416639
Tx 0.3406 2 1 3 5280 
Rx 0.340617 2 1 3 5280 416639
Tx 0.3407 2 1 3 5280 
Rx 0.340717 2 1 3 5280 416639
Tx 0.3408 2 1 3 5280 
Rx 0.340817 2 1 3 5280 416639
Tx 0.3409 2 1 3 5280 
Rx 0.340917 2 1 3 5280 416639
Tx 0.341 2 1 3 5280 
Rx 0.341017 2 1 3 5280 416639
Tx 0.3411 2 1 3 5280 
Rx 0.341117 2 1 3 5280 416639
Tx 0.3412 2 1 3 5280 
Rx 0.341217 2 1 3 5280 416639
Tx 0.3413 2 1 3 5280 
Rx 0.341317 2 1 3 5280 416639
Tx 0.3414 2 1 3 5280 
Rx 0.341417 2 1 3 5280 416639
Tx 0.3415 2 1 3 5280 
Rx 0.341517 2 1 3 5280 416639
Tx 0.3416 2 1 3 5280 
Rx 0.341617 2 1 3 5280 416639
Tx 0.3417 2 1 3 5280 
Rx 0.341717 2 1 3 5280 416639
Tx 0.3418 2 1 3 5280 
Rx 0.341817 2 1 3 5280 416639
Tx 0.3419 2 1 3 5280 
Rx 0.341917 2 1 3 5280 416639
Tx 0.342 2 1 3 5280 
Rx 0.342017 2 1 3 5280 416639
Tx 0.3421 2 1 3 5280 
Rx 0.342117 2 1 3 5280 416639
Tx 0.3422 2 1 3 5280 
Rx 0.342217 2 1 3 5280 416639
Tx 0.3423 2 1 3 5280 
Rx 0.342317 2 1 3 5280 416639
Tx 0.3424 2 1 3 5280 
Rx 0.342417 2 1 3 5280 416639
Tx 0.3425 2 1 3 5280 
Rx 0.342517 2 1 3 5280 416639
Tx 0.3426 2 1 3 5280 
Rx 0.342617 2 1 3 5280 416639
Tx 0.3427 2 1 3 5280 
Rx 0.342717 2 1 3 5280 416639
Tx 0.3428 2 1 3 5280 
Rx 0.342817 2 1 3 5280 416639
Tx 0.3429 2 1 3 5280 
Rx 0.342917 2 1 3 5280 416639
Tx 0.343 2 1 3 5280 
Rx 0.343017 2 1 3 5280 416639
Tx 0.3431 2 1 3 5280 
Rx 0.343117 2 1 3 5280 416639
Tx 0.3432 2 1 3 5280 
Rx 0.343217 2 1 3 5280 416639
Tx 0.3433 2 1 3 5280 
Rx 0.343317 2 1 3 5280 416639
Tx 0.3434 2 1 3 5280 
Rx 0.343417 2 1 3 5280 416639
Tx 0.3435 2 1 3 5280 
Rx 0.343517 2 1 3 5280 416639
Tx 0.3436 2 1 3 5280 
Rx 0.343617 2 1 3 5280 416639
Tx 0.3437 2 1 3 5280 
Rx 0.343717 2 1 3 5280 416639
Tx 0.3438 2 1 3 5280 
Rx 0.343817 2 1 3 5280 416639
Tx 0.3439 2 1 3 5280 
Rx 0.343917 2 1 3 5280 416639
Tx 0.344 2 1 3 5280 
Rx 0.344017 2 1 3 5280 416639
Tx 0.3441 2 1 3 5280 
Rx 0.344117 2 1 3 5280 416639
Tx 0.3442 2 1 3 5280 
Rx 0.344217 2 1 3 5280 416639
Tx 0.3443 2 1 3 5280 
Rx 0.344317 2 1 3 5280 416639
Tx 0.3444 2 1 3 5280 
Rx 0.344417 2 1 3 5280 416639
Tx 0.3445 2 1 3 5280 
Rx 0.344517 2 1 3 5280 416639
Tx 0.3446 2 1 3 5280 
Rx 0.344617 2 1 3 5280 416639
Tx 0.3447 2 1 3 5280 
Rx 0.344717 2 1 3 5280 416639
Tx 0.3448 2 1 3 5280 
Rx 0.344817 2 1 3 5280 416639
Tx 0.3449 2 1 3 5280 
Rx 0.344917 2 1 3 5280 416639
Tx 0.345 2 1 3 5280 
Rx 0.345017 2 1 3 5280 416639
Tx 0.3451 2 1 3 5280 
Rx 0.345117 2 1 3 5280 416639
Tx 0.3452 2 1 3 5280 
Rx 0.345217 2 1 3 5280 416639
Tx 0.3453 2 1 3 5280 
Rx 0.345317 2 1 3 5280 416639
Tx 0.3454 2 1 3 5280 
Rx 0.345417 2 1 3 5280 416639
Tx 0.3455 2 1 3 5280 
Rx 0.345517 2 1 3 5280 416639
Tx 0.3456 2 1 3 5280 
Rx 0.345617 2 1 3 5280 416639
Tx 0.3457 2 1 3 5280 
Rx 0.345717 2 1 3 5280 416639
Tx 0.3458 2 1 3 5280 
Rx 0.345817 2 1 3 5280 416639
Tx 0.3459 2 1 3 5280 
Rx 0.345917 2 1 3 5280 416639
Tx 0.346 2 1 3 5280 
Rx 0.346017 2 1 3 5280 416639
Tx 0.3461 2 1 3 5280 
Rx 0.346117 2 1 3 5280 416639
Tx 0.3462 2 1 3 5280 
Rx 0.346217 2 1 3 5280 416639
Tx 0.3463 2 1 3 5280 
Rx 0.346317 2 1 3 5280 416639
Tx 0.3464 2 1 3 5280 
Rx 0.346417 2 1 3 5280 416639
Tx 0.3465 2 1 3 5280 
Rx 0.346517 2 1 3 5280 416639
Tx 0.3466 2 1 3 5280 
Rx 0.346617 2 1 3 5280 416639
Tx 0.3467 2 1 3 5280 
Rx 0.346717 2 1 3 5280 416639
Tx 0.3468 2 1 3 5280 
Rx 0.346817 2 1 3 5280 416639
Tx 0.3469 2 1 3 5280 
Rx 0.346917 2 1 3 5280 416639
Tx 0.347 2 1 3 5280 
Rx 0.347017 2 1 3 5280 416639
Tx 0.3471 2 1 3 5280 
Rx 0.347117 2 1 3 5280 416639
Tx 0.3472 2 1 3 5280 
Rx 0.347217 2 1 3 5280 416639
Tx 0.3473 2 1 3 5280 
Rx 0.347317 2 1 3 5280 416639
Tx 0.3474 2 1 3 5280 
Rx 0.347417 2 1 3 5280 416639
Tx 0.3475 2 1 3 5280 
Rx 0.347517 2 1 3 5280 416639
Tx 0.3476 2 1 3 5280 
Rx 0.347617 2 1 3 5280 416639
Tx 0.3477 2 1 3 5280 
Rx 0.347717 2 1 3 5280 416639
Tx 0.3478 2 1 3 5280 
Rx 0.347817 2 1 3 5280 416639
Tx 0.3479 2 1 3 5280 
Rx 0.347917 2 1 3 5280 416639
Tx 0.348 2 1 3 5280 
Rx 0.348017 2 1 3 5280 416639
Tx 0.3481 2 1 3 5280 
Rx 0.348117 2 1 3 5280 416639
Tx 0.3482 2 1 3 5280 
Rx 0.348217 2 1 3 5280 416639
Tx 0.3483 2 1 3 5280 
Rx 0.348317 2 1 3 5280 416639
Tx 0.3484 2 1 3 5280 
Rx 0.348417 2 1 3 5280 416639
Tx 0.3485 2 1 3 5280 
Rx 0.348517 2 1 3 5280 416639
Tx 0.3486 2 1 3 5280 
Rx 0.348617 2 1 3 5280 416639
Tx 0.3487 2 1 3 5280 
Rx 0.348717 2 1 3 5280 416639
Tx 0.3488 2 1 3 5280 
Rx 0.348817 2 1 3 5280 416639
Tx 0.3489 2 1 3 5280 
Rx 0.348917 2 1 3 5280 416639
Tx 0.349 2 1 3 5280 
Rx 0.349017 2 1 3 5280 416639
Tx 0.3491 2 1 3 5280 
Rx 0.349117 2 1 3 5280 416639
Tx 0.3492 2 1 3 5280 
Rx 0.349217 2 1 3 5280 416639
Tx 0.3493 2 1 3 5280 
Rx 0.349317 2 1 3 5280 416639
Tx 0.3494 2 1 3 5280 
Rx 0.349417 2 1 3 5280 416639
Tx 0.3495 2 1 3 5280 
Rx 0.349517 2 1 3 5280 416639
Tx 0.3496 2 1 3 5280 
Rx 0.349617 2 1 3 5280 416639
Tx 0.3497 2 1 3 5280 
Rx 0.349717 2 1 3 5280 416639
Tx 0.3498 2 1 3 5280 
Rx 0.349817 2 1 3 5280 416639
Tx 0.3499 2 1 3 5280 
Rx 0.349917 2 1 3 5280 416639
Tx 0.35 2 1 3 5280 
Rx 0.350017 2 1 3 5280 416639
Tx 0.3501 2 1 3 5280 
Rx 0.350117 2 1 3 5280 416639
Tx 0.3502 2 1 3 5280 
Rx 0.350217 2 1 3 5280 416639
Tx 0.3503 2 1 3 5280 
Rx 0.350317 2 1 3 5280 416639
Tx 0.3504 2 1 3 5280 
Rx 0.350417 2 1 3 5280 416639
Tx 0.3505 2 1 3 5280 
Rx 0.350517 2 1 3 5280 416639
Tx 0.3506 2 1 3 5280 
Rx 0.350617 2 1 3 5280 416639
Tx 0.3507 2 1 3 5280 
Rx 0.350717 2 1 3 5280 416639
Tx 0.3508 2 1 3 5280 
Rx 0.350817 2 1 3 5280 416639
Tx 0.3509 2 1 3 5280 
Rx 0.350917 2 1 3 5280 416639
Tx 0.351 2 1 3 5280 
Rx 0.351017 2 1 3 5280 416639
Tx 0.3511 2 1 3 5280 
Rx 0.351117 2 1 3 5280 416639
Tx 0.3512 2 1 3 5280 
Rx 0.351217 2 1 3 5280 416639
Tx 0.3513 2 1 3 5280 
Rx 0.351317 2 1 3 5280 416639
Tx 0.3514 2 1 3 5280 
Rx 0.351417 2 1 3 5280 416639
Tx 0.3515 2 1 3 5280 
Rx 0.351517 2 1 3 5280 416639
Tx 0.3516 2 1 3 5280 
Rx 0.351617 2 1 3 5280 416639
Tx 0.3517 2 1 3 5280 
Rx 0.351717 2 1 3 5280 416639
Tx 0.3518 2 1 3 5280 
Rx 0.351817 2 1 3 5280 416639
Tx 0.3519 2 1 3 5280 
Rx 0.351917 2 1 3 5280 416639
Tx 0.352 2 1 3 5280 
Rx 0.352017 2 1 3 5280 416639
Tx 0.3521 2 1 3 5280 
Rx 0.352117 2 1 3 5280 416639
Tx 0.3522 2 1 3 5280 
Rx 0.352217 2 1 3 5280 416639
Tx 0.3523 2 1 3 5280 
Rx 0.352317 2 1 3 5280 416639
Tx 0.3524 2 1 3 5280 
Rx 0.352417 2 1 3 5280 416639
Tx 0.3525 2 1 3 5280 
Rx 0.352517 2 1 3 5280 416639
Tx 0.3526 2 1 3 5280 
Rx 0.352617 2 1 3 5280 416639
Tx 0.3527 2 1 3 5280 
Rx 0.352717 2 1 3 5280 416639
Tx 0.3528 2 1 3 5280 
Rx 0.352817 2 1 3 5280 416639
Tx 0.3529 2 1 3 5280 
Rx 0.352917 2 1 3 5280 416639
Tx 0.353 2 1 3 5280 
Rx 0.353017 2 1 3 5280 416639
Tx 0.3531 2 1 3 5280 
Rx 0.353117 2 1 3 5280 416639
Tx 0.3532 2 1 3 5280 
Rx 0.353217 2 1 3 5280 416639
Tx 0.3533 2 1 3 5280 
Rx 0.353317 2 1 3 5280 416639
Tx 0.3534 2 1 3 5280 
Rx 0.353417 2 1 3 5280 416639
Tx 0.3535 2 1 3 5280 
Rx 0.353517 2 1 3 5280 416639
Tx 0.3536 2 1 3 5280 
Rx 0.353617 2 1 3 5280 416639
Tx 0.3537 2 1 3 5280 
Rx 0.353717 2 1 3 5280 416639
Tx 0.3538 2 1 3 5280 
Rx 0.353817 2 1 3 5280 416639
Tx 0.3539 2 1 3 5280 
Rx 0.353917 2 1 3 5280 416639
Tx 0.354 2 1 3 5280 
Rx 0.354017 2 1 3 5280 416639
Tx 0.3541 2 1 3 5280 
Rx 0.354117 2 1 3 5280 416639
Tx 0.3542 2 1 3 5280 
Rx 0.354217 2 1 3 5280 416639
Tx 0.3543 2 1 3 5280 
Rx 0.354317 2 1 3 5280 416639
Tx 0.3544 2 1 3 5280 
Rx 0.354417 2 1 3 5280 416639
Tx 0.3545 2 1 3 5280 
Rx 0.354517 2 1 3 5280 416639
Tx 0.3546 2 1 3 5280 
Rx 0.354617 2 1 3 5280 416639
Tx 0.3547 2 1 3 5280 
Rx 0.354717 2 1 3 5280 416639
Tx 0.3548 2 1 3 5280 
Rx 0.354817 2 1 3 5280 416639
Tx 0.3549 2 1 3 5280 
Rx 0.354917 2 1 3 5280 416639
Tx 0.355 2 1 3 5280 
Rx 0.355017 2 1 3 5280 416639
Tx 0.3551 2 1 3 5280 
Rx 0.355117 2 1 3 5280 416639
Tx 0.3552 2 1 3 5280 
Rx 0.355217 2 1 3 5280 416639
Tx 0.3553 2 1 3 5280 
Rx 0.355317 2 1 3 5280 416639
Tx 0.3554 2 1 3 5280 
Rx 0.355417 2 1 3 5280 416639
Tx 0.3555 2 1 3 5280 
Rx 0.355517 2 1 3 5280 416639
Tx 0.3556 2 1 3 5280 
Rx 0.355617 2 1 3 5280 416639
Tx 0.3557 2 1 3 5280 
Rx 0.355717 2 1 3 5280 416639
Tx 0.3558 2 1 3 5280 
Rx 0.355817 2 1 3 5280 416639
Tx 0.3559 2 1 3 5280 
Rx 0.355917 2 1 3 5280 416639
Tx 0.356 2 1 3 5280 
Rx 0.356017 2 1 3 5280 416639
Tx 0.3561 2 1 3 5280 
Rx 0.356117 2 1 3 5280 416639
Tx 0.3562 2 1 3 5280 
Rx 0.356217 2 1 3 5280 416639
Tx 0.3563 2 1 3 5280 
Rx 0.356317 2 1 3 5280 416639
Tx 0.3564 2 1 3 5280 
Rx 0.356417 2 1 3 5280 416639
Tx 0.3565 2 1 3 5280 
Rx 0.356517 2 1 3 5280 416639
Tx 0.3566 2 1 3 5280 
Rx 0.356617 2 1 3 5280 416639
Tx 0.3567 2 1 3 5280 
Rx 0.356717 2 1 3 5280 416639
Tx 0.3568 2 1 3 5280 
Rx 0.356817 2 1 3 5280 416639
Tx 0.3569 2 1 3 5280 
Rx 0.356917 2 1 3 5280 416639
Tx 0.357 2 1 3 5280 
Rx 0.357017 2 1 3 5280 416639
Tx 0.3571 2 1 3 5280 
Rx 0.357117 2 1 3 5280 416639
Tx 0.3572 2 1 3 5280 
Rx 0.357217 2 1 3 5280 416639
Tx 0.3573 2 1 3 5280 
Rx 0.357317 2 1 3 5280 416639
Tx 0.3574 2 1 3 5280 
Rx 0.357417 2 1 3 5280 416639
Tx 0.3575 2 1 3 5280 
Rx 0.357517 2 1 3 5280 416639
Tx 0.3576 2 1 3 5280 
Rx 0.357617 2 1 3 5280 416639
Tx 0.3577 2 1 3 5280 
Rx 0.357717 2 1 3 5280 416639
Tx 0.3578 2 1 3 5280 
Rx 0.357817 2 1 3 5280 416639
Tx 0.3579 2 1 3 5280 
Rx 0.357917 2 1 3 5280 416639
Tx 0.358 2 1 3 5280 
Rx 0.358017 2 1 3 5280 416639
Tx 0.3581 2 1 3 5280 
Rx 0.358117 2 1 3 5280 416639
Tx 0.3582 2 1 3 5280 
Rx 0.358217 2 1 3 5280 416639
Tx 0.3583 2 1 3 5280 
Rx 0.358317 2 1 3 5280 416639
Tx 0.3584 2 1 3 5280 
Rx 0.358417 2 1 3 5280 416639
Tx 0.3585 2 1 3 5280 
Rx 0.358517 2 1 3 5280 416639
Tx 0.3586 2 1 3 5280 
Rx 0.358617 2 1 3 5280 416639
Tx 0.3587 2 1 3 5280 
Rx 0.358717 2 1 3 5280 416639
Tx 0.3588 2 1 3 5280 
Rx 0.358817 2 1 3 5280 416639
Tx 0.3589 2 1 3 5280 
Rx 0.358917 2 1 3 5280 416639
Tx 0.359 2 1 3 5280 
Rx 0.359017 2 1 3 5280 416639
Tx 0.3591 2 1 3 5280 
Rx 0.359117 2 1 3 5280 416639
Tx 0.3592 2 1 3 5280 
Rx 0.359217 2 1 3 5280 416639
Tx 0.3593 2 1 3 5280 
Rx 0.359317 2 1 3 5280 416639
Tx 0.3594 2 1 3 5280 
Rx 0.359417 2 1 3 5280 416639
Tx 0.3595 2 1 3 5280 
Rx 0.359517 2 1 3 5280 416639
Tx 0.3596 2 1 3 5280 
Rx 0.359617 2 1 3 5280 416639
Tx 0.3597 2 1 3 5280 
Rx 0.359717 2 1 3 5280 416639
Tx 0.3598 2 1 3 5280 
Rx 0.359817 2 1 3 5280 416639
Tx 0.3599 2 1 3 5280 
Rx 0.359917 2 1 3 5280 416639
Tx 0.36 2 1 3 5280 
Rx 0.360017 2 1 3 5280 416639
Tx 0.3601 2 1 3 5280 
Rx 0.360117 2 1 3 5280 416639
Tx 0.3602 2 1 3 5280 
Rx 0.360217 2 1 3 5280 416639
Tx 0.3603 2 1 3 5280 
Rx 0.360317 2 1 3 5280 416639
Tx 0.3604 2 1 3 5280 
Rx 0.360417 2 1 3 5280 416639
Tx 0.3605 2 1 3 5280 
Rx 0.360517 2 1 3 5280 416639
Tx 0.3606 2 1 3 5280 
Rx 0.360617 2 1 3 5280 416639
Tx 0.3607 2 1 3 5280 
Rx 0.360717 2 1 3 5280 416639
Tx 0.3608 2 1 3 5280 
Rx 0.360817 2 1 3 5280 416639
Tx 0.3609 2 1 3 5280 
Rx 0.360917 2 1 3 5280 416639
Tx 0.361 2 1 3 5280 
Rx 0.361017 2 1 3 5280 416639
Tx 0.3611 2 1 3 5280 
Rx 0.361117 2 1 3 5280 416639
Tx 0.3612 2 1 3 5280 
Rx 0.361217 2 1 3 5280 416639
Tx 0.3613 2 1 3 5280 
Rx 0.361317 2 1 3 5280 416639
Tx 0.3614 2 1 3 5280 
Rx 0.361417 2 1 3 5280 416639
Tx 0.3615 2 1 3 5280 
Rx 0.361517 2 1 3 5280 416639
Tx 0.3616 2 1 3 5280 
Rx 0.361617 2 1 3 5280 416639
Tx 0.3617 2 1 3 5280 
Rx 0.361717 2 1 3 5280 416639
Tx 0.3618 2 1 3 5280 
Rx 0.361817 2 1 3 5280 416639
Tx 0.3619 2 1 3 5280 
Rx 0.361917 2 1 3 5280 416639
Tx 0.362 2 1 3 5280 
Rx 0.362017 2 1 3 5280 416639
Tx 0.3621 2 1 3 5280 
Rx 0.362117 2 1 3 5280 416639
Tx 0.3622 2 1 3 5280 
Rx 0.362217 2 1 3 5280 416639
Tx 0.3623 2 1 3 5280 
Rx 0.362317 2 1 3 5280 416639
Tx 0.3624 2 1 3 5280 
Rx 0.362417 2 1 3 5280 416639
Tx 0.3625 2 1 3 5280 
Rx 0.362517 2 1 3 5280 416639
Tx 0.3626 2 1 3 5280 
Rx 0.362617 2 1 3 5280 416639
Tx 0.3627 2 1 3 5280 
Rx 0.362717 2 1 3 5280 416639
Tx 0.3628 2 1 3 5280 
Rx 0.362817 2 1 3 5280 416639
Tx 0.3629 2 1 3 5280 
Rx 0.362917 2 1 3 5280 416639
Tx 0.363 2 1 3 5280 
Rx 0.363017 2 1 3 5280 416639
Tx 0.3631 2 1 3 5280 
Rx 0.363117 2 1 3 5280 416639
Tx 0.3632 2 1 3 5280 
Rx 0.363217 2 1 3 5280 416639
Tx 0.3633 2 1 3 5280 
Rx 0.363317 2 1 3 5280 416639
Tx 0.3634 2 1 3 5280 
Rx 0.363417 2 1 3 5280 416639
Tx 0.3635 2 1 3 5280 
Rx 0.363517 2 1 3 5280 416639
Tx 0.3636 2 1 3 5280 
Rx 0.363617 2 1 3 5280 416639
Tx 0.3637 2 1 3 5280 
Rx 0.363717 2 1 3 5280 416639
Tx 0.3638 2 1 3 5280 
Rx 0.363817 2 1 3 5280 416639
Tx 0.3639 2 1 3 5280 
Rx 0.363917 2 1 3 5280 416639
Tx 0.364 2 1 3 5280 
Rx 0.364017 2 1 3 5280 416639
Tx 0.3641 2 1 3 5280 
Rx 0.364117 2 1 3 5280 416639
Tx 0.3642 2 1 3 5280 
Rx 0.364217 2 1 3 5280 416639
Tx 0.3643 2 1 3 5280 
Rx 0.364317 2 1 3 5280 416639
Tx 0.3644 2 1 3 5280 
Rx 0.364417 2 1 3 5280 416639
Tx 0.3645 2 1 3 5280 
Rx 0.364517 2 1 3 5280 416639
Tx 0.3646 2 1 3 5280 
Rx 0.364617 2 1 3 5280 416639
Tx 0.3647 2 1 3 5280 
Rx 0.364717 2 1 3 5280 416639
Tx 0.3648 2 1 3 5280 
Rx 0.364817 2 1 3 5280 416639
Tx 0.3649 2 1 3 5280 
Rx 0.364917 2 1 3 5280 416639
Tx 0.365 2 1 3 5280 
Rx 0.365017 2 1 3 5280 416639
Tx 0.3651 2 1 3 5280 
Rx 0.365117 2 1 3 5280 416639
Tx 0.3652 2 1 3 5280 
Rx 0.365217 2 1 3 5280 416639
Tx 0.3653 2 1 3 5280 
Rx 0.365317 2 1 3 5280 416639
Tx 0.3654 2 1 3 5280 
Rx 0.365417 2 1 3 5280 416639
Tx 0.3655 2 1 3 5280 
Rx 0.365517 2 1 3 5280 416639
Tx 0.3656 2 1 3 5280 
Rx 0.365617 2 1 3 5280 416639
Tx 0.3657 2 1 3 5280 
Rx 0.365717 2 1 3 5280 416639
Tx 0.3658 2 1 3 5280 
Rx 0.365817 2 1 3 5280 416639
Tx 0.3659 2 1 3 5280 
Rx 0.365917 2 1 3 5280 416639
Tx 0.366 2 1 3 5280 
Rx 0.366017 2 1 3 5280 416639
Tx 0.3661 2 1 3 5280 
Rx 0.366117 2 1 3 5280 416639
Tx 0.3662 2 1 3 5280 
Rx 0.366217 2 1 3 5280 416639
Tx 0.3663 2 1 3 5280 
Rx 0.366317 2 1 3 5280 416639
Tx 0.3664 2 1 3 5280 
Rx 0.366417 2 1 3 5280 416639
Tx 0.3665 2 1 3 5280 
Rx 0.366517 2 1 3 5280 416639
Tx 0.3666 2 1 3 5280 
Rx 0.366617 2 1 3 5280 416639
Tx 0.3667 2 1 3 5280 
Rx 0.366717 2 1 3 5280 416639
Tx 0.3668 2 1 3 5280 
Rx 0.366817 2 1 3 5280 416639
Tx 0.3669 2 1 3 5280 
Rx 0.366917 2 1 3 5280 416639
Tx 0.367 2 1 3 5280 
Rx 0.367017 2 1 3 5280 416639
Tx 0.3671 2 1 3 5280 
Rx 0.367117 2 1 3 5280 416639
Tx 0.3672 2 1 3 5280 
Rx 0.367217 2 1 3 5280 416639
Tx 0.3673 2 1 3 5280 
Rx 0.367317 2 1 3 5280 416639
Tx 0.3674 2 1 3 5280 
Rx 0.367417 2 1 3 5280 416639
Tx 0.3675 2 1 3 5280 
Rx 0.367517 2 1 3 5280 416639
Tx 0.3676 2 1 3 5280 
Rx 0.367617 2 1 3 5280 416639
Tx 0.3677 2 1 3 5280 
Rx 0.367717 2 1 3 5280 416639
Tx 0.3678 2 1 3 5280 
Rx 0.367817 2 1 3 5280 416639
Tx 0.3679 2 1 3 5280 
Rx 0.367917 2 1 3 5280 416639
Tx 0.368 2 1 3 5280 
Rx 0.368017 2 1 3 5280 416639
Tx 0.3681 2 1 3 5280 
Rx 0.368117 2 1 3 5280 416639
Tx 0.3682 2 1 3 5280 
Rx 0.368217 2 1 3 5280 416639
Tx 0.3683 2 1 3 5280 
Rx 0.368317 2 1 3 5280 416639
Tx 0.3684 2 1 3 5280 
Rx 0.368417 2 1 3 5280 416639
Tx 0.3685 2 1 3 5280 
Rx 0.368517 2 1 3 5280 416639
Tx 0.3686 2 1 3 5280 
Rx 0.368617 2 1 3 5280 416639
Tx 0.3687 2 1 3 5280 
Rx 0.368717 2 1 3 5280 416639
Tx 0.3688 2 1 3 5280 
Rx 0.368817 2 1 3 5280 416639
Tx 0.3689 2 1 3 5280 
Rx 0.368917 2 1 3 5280 416639
Tx 0.369 2 1 3 5280 
Rx 0.369017 2 1 3 5280 416639
Tx 0.3691 2 1 3 5280 
Rx 0.369117 2 1 3 5280 416639
Tx 0.3692 2 1 3 5280 
Rx 0.369217 2 1 3 5280 416639
Tx 0.3693 2 1 3 5280 
Rx 0.369317 2 1 3 5280 416639
Tx 0.3694 2 1 3 5280 
Rx 0.369417 2 1 3 5280 416639
Tx 0.3695 2 1 3 5280 
Rx 0.369517 2 1 3 5280 416639
Tx 0.3696 2 1 3 5280 
Rx 0.369617 2 1 3 5280 416639
Tx 0.3697 2 1 3 5280 
Rx 0.369717 2 1 3 5280 416639
Tx 0.3698 2 1 3 5280 
Rx 0.369817 2 1 3 5280 416639
Tx 0.3699 2 1 3 5280 
Rx 0.369917 2 1 3 5280 416639
Tx 0.37 2 1 3 5280 
Rx 0.370017 2 1 3 5280 416639
Tx 0.3701 2 1 3 5280 
Rx 0.370117 2 1 3 5280 416639
Tx 0.3702 2 1 3 5280 
Rx 0.370217 2 1 3 5280 416639
Tx 0.3703 2 1 3 5280 
Rx 0.370317 2 1 3 5280 416639
Tx 0.3704 2 1 3 5280 
Rx 0.370417 2 1 3 5280 416639
Tx 0.3705 2 1 3 5280 
Rx 0.370517 2 1 3 5280 416639
Tx 0.3706 2 1 3 5280 
Rx 0.370617 2 1 3 5280 416639
Tx 0.3707 2 1 3 5280 
Rx 0.370717 2 1 3 5280 416639
Tx 0.3708 2 1 3 5280 
Rx 0.370817 2 1 3 5280 416639
Tx 0.3709 2 1 3 5280 
Rx 0.370917 2 1 3 5280 416639
Tx 0.371 2 1 3 5280 
Rx 0.371017 2 1 3 5280 416639
Tx 0.3711 2 1 3 5280 
Rx 0.371117 2 1 3 5280 416639
Tx 0.3712 2 1 3 5280 
Rx 0.371217 2 1 3 5280 416639
Tx 0.3713 2 1 3 5280 
Rx 0.371317 2 1 3 5280 416639
Tx 0.3714 2 1 3 5280 
Rx 0.371417 2 1 3 5280 416639
Tx 0.3715 2 1 3 5280 
Rx 0.371517 2 1 3 5280 416639
Tx 0.3716 2 1 3 5280 
Rx 0.371617 2 1 3 5280 416639
Tx 0.3717 2 1 3 5280 
Rx 0.371717 2 1 3 5280 416639
Tx 0.3718 2 1 3 5280 
Rx 0.371817 2 1 3 5280 416639
Tx 0.3719 2 1 3 5280 
Rx 0.371917 2 1 3 5280 416639
Tx 0.372 2 1 3 5280 
Rx 0.372017 2 1 3 5280 416639
Tx 0.3721 2 1 3 5280 
Rx 0.372117 2 1 3 5280 416639
Tx 0.3722 2 1 3 5280 
Rx 0.372217 2 1 3 5280 416639
Tx 0.3723 2 1 3 5280 
Rx 0.372317 2 1 3 5280 416639
Tx 0.3724 2 1 3 5280 
Rx 0.372417 2 1 3 5280 416639
Tx 0.3725 2 1 3 5280 
Rx 0.372517 2 1 3 5280 416639
Tx 0.3726 2 1 3 5280 
Rx 0.372617 2 1 3 5280 416639
Tx 0.3727 2 1 3 5280 
Rx 0.372717 2 1 3 5280 416639
Tx 0.3728 2 1 3 5280 
Rx 0.372817 2 1 3 5280 416639
Tx 0.3729 2 1 3 5280 
Rx 0.372917 2 1 3 5280 416639
Tx 0.373 2 1 3 5280 
Rx 0.373017 2 1 3 5280 416639
Tx 0.3731 2 1 3 5280 
Rx 0.373117 2 1 3 5280 416639
Tx 0.3732 2 1 3 5280 
Rx 0.373217 2 1 3 5280 416639
Tx 0.3733 2 1 3 5280 
Rx 0.373317 2 1 3 5280 416639
Tx 0.3734 2 1 3 5280 
Rx 0.373417 2 1 3 5280 416639
Tx 0.3735 2 1 3 5280 
Rx 0.373517 2 1 3 5280 416639
Tx 0.3736 2 1 3 5280 
Rx 0.373617 2 1 3 5280 416639
Tx 0.3737 2 1 3 5280 
Rx 0.373717 2 1 3 5280 416639
Tx 0.3738 2 1 3 5280 
Rx 0.373817 2 1 3 5280 416639
Tx 0.3739 2 1 3 5280 
Rx 0.373917 2 1 3 5280 416639
Tx 0.374 2 1 3 5280 
Rx 0.374017 2 1 3 5280 416639
Tx 0.3741 2 1 3 5280 
Rx 0.374117 2 1 3 5280 416639
Tx 0.3742 2 1 3 5280 
Rx 0.374217 2 1 3 5280 416639
Tx 0.3743 2 1 3 5280 
Rx 0.374317 2 1 3 5280 416639
Tx 0.3744 2 1 3 5280 
Rx 0.374417 2 1 3 5280 416639
Tx 0.3745 2 1 3 5280 
Rx 0.374517 2 1 3 5280 416639
Tx 0.3746 2 1 3 5280 
Rx 0.374617 2 1 3 5280 416639
Tx 0.3747 2 1 3 5280 
Rx 0.374717 2 1 3 5280 416639
Tx 0.3748 2 1 3 5280 
Rx 0.374817 2 1 3 5280 416639
Tx 0.3749 2 1 3 5280 
Rx 0.374917 2 1 3 5280 416639
Tx 0.375 2 1 3 5280 
Rx 0.375017 2 1 3 5280 416639
Tx 0.3751 2 1 3 5280 
Rx 0.375117 2 1 3 5280 416639
Tx 0.3752 2 1 3 5280 
Rx 0.375217 2 1 3 5280 416639
Tx 0.3753 2 1 3 5280 
Rx 0.375317 2 1 3 5280 416639
Tx 0.3754 2 1 3 5280 
Rx 0.375417 2 1 3 5280 416639
Tx 0.3755 2 1 3 5280 
Rx 0.375517 2 1 3 5280 416639
Tx 0.3756 2 1 3 5280 
Rx 0.375617 2 1 3 5280 416639
Tx 0.3757 2 1 3 5280 
Rx 0.375717 2 1 3 5280 416639
Tx 0.3758 2 1 3 5280 
Rx 0.375817 2 1 3 5280 416639
Tx 0.3759 2 1 3 5280 
Rx 0.375917 2 1 3 5280 416639
Tx 0.376 2 1 3 5280 
Rx 0.376017 2 1 3 5280 416639
Tx 0.3761 2 1 3 5280 
Rx 0.376117 2 1 3 5280 416639
Tx 0.3762 2 1 3 5280 
Rx 0.376217 2 1 3 5280 416639
Tx 0.3763 2 1 3 5280 
Rx 0.376317 2 1 3 5280 416639
Tx 0.3764 2 1 3 5280 
Rx 0.376417 2 1 3 5280 416639
Tx 0.3765 2 1 3 5280 
Rx 0.376517 2 1 3 5280 416639
Tx 0.3766 2 1 3 5280 
Rx 0.376617 2 1 3 5280 416639
Tx 0.3767 2 1 3 5280 
Rx 0.376717 2 1 3 5280 416639
Tx 0.3768 2 1 3 5280 
Rx 0.376817 2 1 3 5280 416639
Tx 0.3769 2 1 3 5280 
Rx 0.376917 2 1 3 5280 416639
Tx 0.377 2 1 3 5280 
Rx 0.377017 2 1 3 5280 416639
Tx 0.3771 2 1 3 5280 
Rx 0.377117 2 1 3 5280 416639
Tx 0.3772 2 1 3 5280 
Rx 0.377217 2 1 3 5280 416639
Tx 0.3773 2 1 3 5280 
Rx 0.377317 2 1 3 5280 416639
Tx 0.3774 2 1 3 5280 
Rx 0.377417 2 1 3 5280 416639
Tx 0.3775 2 1 3 5280 
Rx 0.377517 2 1 3 5280 416639
Tx 0.3776 2 1 3 5280 
Rx 0.377617 2 1 3 5280 416639
Tx 0.3777 2 1 3 5280 
Rx 0.377717 2 1 3 5280 416639
Tx 0.3778 2 1 3 5280 
Rx 0.377817 2 1 3 5280 416639
Tx 0.3779 2 1 3 5280 
Rx 0.377917 2 1 3 5280 416639
Tx 0.378 2 1 3 5280 
Rx 0.378017 2 1 3 5280 416639
Tx 0.3781 2 1 3 5280 
Rx 0.378117 2 1 3 5280 416639
Tx 0.3782 2 1 3 5280 
Rx 0.378217 2 1 3 5280 416639
Tx 0.3783 2 1 3 5280 
Rx 0.378317 2 1 3 5280 416639
Tx 0.3784 2 1 3 5280 
Rx 0.378417 2 1 3 5280 416639
Tx 0.3785 2 1 3 5280 
Rx 0.378517 2 1 3 5280 416639
Tx 0.3786 2 1 3 5280 
Rx 0.378617 2 1 3 5280 416639
Tx 0.3787 2 1 3 5280 
Rx 0.378717 2 1 3 5280 416639
Tx 0.3788 2 1 3 5280 
Rx 0.378817 2 1 3 5280 416639
Tx 0.3789 2 1 3 5280 
Rx 0.378917 2 1 3 5280 416639
Tx 0.379 2 1 3 5280 
Rx 0.379017 2 1 3 5280 416639
Tx 0.3791 2 1 3 5280 
Rx 0.379117 2 1 3 5280 416639
Tx 0.3792 2 1 3 5280 
Rx 0.379217 2 1 3 5280 416639
Tx 0.3793 2 1 3 5280 
Rx 0.379317 2 1 3 5280 416639
Tx 0.3794 2 1 3 5280 
Rx 0.379417 2 1 3 5280 416639
Tx 0.3795 2 1 3 5280 
Rx 0.379517 2 1 3 5280 416639
Tx 0.3796 2 1 3 5280 
Rx 0.379617 2 1 3 5280 416639
Tx 0.3797 2 1 3 5280 
Rx 0.379717 2 1 3 5280 416639
Tx 0.3798 2 1 3 5280 
Rx 0.379817 2 1 3 5280 416639
Tx 0.3799 2 1 3 5280 
Rx 0.379917 2 1 3 5280 416639
Tx 0.38 2 1 3 5280 
Rx 0.380017 2 1 3 5280 416639
Tx 0.3801 2 1 3 5280 
Rx 0.380117 2 1 3 5280 416639
Tx 0.3802 2 1 3 5280 
Rx 0.380217 2 1 3 5280 416639
Tx 0.3803 2 1 3 5280 
Rx 0.380317 2 1 3 5280 416639
Tx 0.3804 2 1 3 5280 
Rx 0.380417 2 1 3 5280 416639
Tx 0.3805 2 1 3 5280 
Rx 0.380517 2 1 3 5280 416639
Tx 0.3806 2 1 3 5280 
Rx 0.380617 2 1 3 5280 416639
Tx 0.3807 2 1 3 5280 
Rx 0.380717 2 1 3 5280 416639
Tx 0.3808 2 1 3 5280 
Rx 0.380817 2 1 3 5280 416639
Tx 0.3809 2 1 3 5280 
Rx 0.380917 2 1 3 5280 416639
Tx 0.381 2 1 3 5280 
Rx 0.381017 2 1 3 5280 416639
Tx 0.3811 2 1 3 5280 
Rx 0.381117 2 1 3 5280 416639
Tx 0.3812 2 1 3 5280 
Rx 0.381217 2 1 3 5280 416639
Tx 0.3813 2 1 3 5280 
Rx 0.381317 2 1 3 5280 416639
Tx 0.3814 2 1 3 5280 
Rx 0.381417 2 1 3 5280 416639
Tx 0.3815 2 1 3 5280 
Rx 0.381517 2 1 3 5280 416639
Tx 0.3816 2 1 3 5280 
Rx 0.381617 2 1 3 5280 416639
Tx 0.3817 2 1 3 5280 
Rx 0.381717 2 1 3 5280 416639
Tx 0.3818 2 1 3 5280 
Rx 0.381817 2 1 3 5280 416639
Tx 0.3819 2 1 3 5280 
Rx 0.381917 2 1 3 5280 416639
Tx 0.382 2 1 3 5280 
Rx 0.382017 2 1 3 5280 416639
Tx 0.3821 2 1 3 5280 
Rx 0.382117 2 1 3 5280 416639
Tx 0.3822 2 1 3 5280 
Rx 0.382217 2 1 3 5280 416639
Tx 0.3823 2 1 3 5280 
Rx 0.382317 2 1 3 5280 416639
Tx 0.3824 2 1 3 5280 
Rx 0.382417 2 1 3 5280 416639
Tx 0.3825 2 1 3 5280 
Rx 0.382517 2 1 3 5280 416639
Tx 0.3826 2 1 3 5280 
Rx 0.382617 2 1 3 5280 416639
Tx 0.3827 2 1 3 5280 
Rx 0.382717 2 1 3 5280 416639
Tx 0.3828 2 1 3 5280 
Rx 0.382817 2 1 3 5280 416639
Tx 0.3829 2 1 3 5280 
Rx 0.382917 2 1 3 5280 416639
Tx 0.383 2 1 3 5280 
Rx 0.383017 2 1 3 5280 416639
Tx 0.3831 2 1 3 5280 
Rx 0.383117 2 1 3 5280 416639
Tx 0.3832 2 1 3 5280 
Rx 0.383217 2 1 3 5280 416639
Tx 0.3833 2 1 3 5280 
Rx 0.383317 2 1 3 5280 416639
Tx 0.3834 2 1 3 5280 
Rx 0.383417 2 1 3 5280 416639
Tx 0.3835 2 1 3 5280 
Rx 0.383517 2 1 3 5280 416639
Tx 0.3836 2 1 3 5280 
Rx 0.383617 2 1 3 5280 416639
Tx 0.3837 2 1 3 5280 
Rx 0.383717 2 1 3 5280 416639
Tx 0.3838 2 1 3 5280 
Rx 0.383817 2 1 3 5280 416639
Tx 0.3839 2 1 3 5280 
Rx 0.383917 2 1 3 5280 416639
Tx 0.384 2 1 3 5280 
Rx 0.384017 2 1 3 5280 416639
Tx 0.3841 2 1 3 5280 
Rx 0.384117 2 1 3 5280 416639
Tx 0.3842 2 1 3 5280 
Rx 0.384217 2 1 3 5280 416639
Tx 0.3843 2 1 3 5280 
Rx 0.384317 2 1 3 5280 416639
Tx 0.3844 2 1 3 5280 
Rx 0.384417 2 1 3 5280 416639
Tx 0.3845 2 1 3 5280 
Rx 0.384517 2 1 3 5280 416639
Tx 0.3846 2 1 3 5280 
Rx 0.384617 2 1 3 5280 416639
Tx 0.3847 2 1 3 5280 
Rx 0.384717 2 1 3 5280 416639
Tx 0.3848 2 1 3 5280 
Rx 0.384817 2 1 3 5280 416639
Tx 0.3849 2 1 3 5280 
Rx 0.384917 2 1 3 5280 416639
Tx 0.385 2 1 3 5280 
Rx 0.385017 2 1 3 5280 416639
Tx 0.3851 2 1 3 5280 
Rx 0.385117 2 1 3 5280 416639
Tx 0.3852 2 1 3 5280 
Rx 0.385217 2 1 3 5280 416639
Tx 0.3853 2 1 3 5280 
Rx 0.385317 2 1 3 5280 416639
Tx 0.3854 2 1 3 5280 
Rx 0.385417 2 1 3 5280 416639
Tx 0.3855 2 1 3 5280 
Rx 0.385517 2 1 3 5280 416639
Tx 0.3856 2 1 3 5280 
Rx 0.385617 2 1 3 5280 416639
Tx 0.3857 2 1 3 5280 
Rx 0.385717 2 1 3 5280 416639
Tx 0.3858 2 1 3 5280 
Rx 0.385817 2 1 3 5280 416639
Tx 0.3859 2 1 3 5280 
Rx 0.385917 2 1 3 5280 416639
Tx 0.386 2 1 3 5280 
Rx 0.386017 2 1 3 5280 416639
Tx 0.3861 2 1 3 5280 
Rx 0.386117 2 1 3 5280 416639
Tx 0.3862 2 1 3 5280 
Rx 0.386217 2 1 3 5280 416639
Tx 0.3863 2 1 3 5280 
Rx 0.386317 2 1 3 5280 416639
Tx 0.3864 2 1 3 5280 
Rx 0.386417 2 1 3 5280 416639
Tx 0.3865 2 1 3 5280 
Rx 0.386517 2 1 3 5280 416639
Tx 0.3866 2 1 3 5280 
Rx 0.386617 2 1 3 5280 416639
Tx 0.3867 2 1 3 5280 
Rx 0.386717 2 1 3 5280 416639
Tx 0.3868 2 1 3 5280 
Rx 0.386817 2 1 3 5280 416639
Tx 0.3869 2 1 3 5280 
Rx 0.386917 2 1 3 5280 416639
Tx 0.387 2 1 3 5280 
Rx 0.387017 2 1 3 5280 416639
Tx 0.3871 2 1 3 5280 
Rx 0.387117 2 1 3 5280 416639
Tx 0.3872 2 1 3 5280 
Rx 0.387217 2 1 3 5280 416639
Tx 0.3873 2 1 3 5280 
Rx 0.387317 2 1 3 5280 416639
Tx 0.3874 2 1 3 5280 
Rx 0.387417 2 1 3 5280 416639
Tx 0.3875 2 1 3 5280 
Rx 0.387517 2 1 3 5280 416639
Tx 0.3876 2 1 3 5280 
Rx 0.387617 2 1 3 5280 416639
Tx 0.3877 2 1 3 5280 
Rx 0.387717 2 1 3 5280 416639
Tx 0.3878 2 1 3 5280 
Rx 0.387817 2 1 3 5280 416639
Tx 0.3879 2 1 3 5280 
Rx 0.387917 2 1 3 5280 416639
Tx 0.388 2 1 3 5280 
Rx 0.388017 2 1 3 5280 416639
Tx 0.3881 2 1 3 5280 
Rx 0.388117 2 1 3 5280 416639
Tx 0.3882 2 1 3 5280 
Rx 0.388217 2 1 3 5280 416639
Tx 0.3883 2 1 3 5280 
Rx 0.388317 2 1 3 5280 416639
Tx 0.3884 2 1 3 5280 
Rx 0.388417 2 1 3 5280 416639
Tx 0.3885 2 1 3 5280 
Rx 0.388517 2 1 3 5280 416639
Tx 0.3886 2 1 3 5280 
Rx 0.388617 2 1 3 5280 416639
Tx 0.3887 2 1 3 5280 
Rx 0.388717 2 1 3 5280 416639
Tx 0.3888 2 1 3 5280 
Rx 0.388817 2 1 3 5280 416639
Tx 0.3889 2 1 3 5280 
Rx 0.388917 2 1 3 5280 416639
Tx 0.389 2 1 3 5280 
Rx 0.389017 2 1 3 5280 416639
Tx 0.3891 2 1 3 5280 
Rx 0.389117 2 1 3 5280 416639
Tx 0.3892 2 1 3 5280 
Rx 0.389217 2 1 3 5280 416639
Tx 0.3893 2 1 3 5280 
Rx 0.389317 2 1 3 5280 416639
Tx 0.3894 2 1 3 5280 
Rx 0.389417 2 1 3 5280 416639
Tx 0.3895 2 1 3 5280 
Rx 0.389517 2 1 3 5280 416639
Tx 0.3896 2 1 3 5280 
Rx 0.389617 2 1 3 5280 416639
Tx 0.3897 2 1 3 5280 
Rx 0.389717 2 1 3 5280 416639
Tx 0.3898 2 1 3 5280 
Rx 0.389817 2 1 3 5280 416639
Tx 0.3899 2 1 3 5280 
Rx 0.389917 2 1 3 5280 416639
Tx 0.39 2 1 3 5280 
Rx 0.390017 2 1 3 5280 416639
Tx 0.3901 2 1 3 5280 
Rx 0.390117 2 1 3 5280 416639
Tx 0.3902 2 1 3 5280 
Rx 0.390217 2 1 3 5280 416639
Tx 0.3903 2 1 3 5280 
Rx 0.390317 2 1 3 5280 416639
Tx 0.3904 2 1 3 5280 
Rx 0.390417 2 1 3 5280 416639
Tx 0.3905 2 1 3 5280 
Rx 0.390517 2 1 3 5280 416639
Tx 0.3906 2 1 3 5280 
Rx 0.390617 2 1 3 5280 416639
Tx 0.3907 2 1 3 5280 
Rx 0.390717 2 1 3 5280 416639
Tx 0.3908 2 1 3 5280 
Rx 0.390817 2 1 3 5280 416639
Tx 0.3909 2 1 3 5280 
Rx 0.390917 2 1 3 5280 416639
Tx 0.391 2 1 3 5280 
Rx 0.391017 2 1 3 5280 416639
Tx 0.3911 2 1 3 5280 
Rx 0.391117 2 1 3 5280 416639
Tx 0.3912 2 1 3 5280 
Rx 0.391217 2 1 3 5280 416639
Tx 0.3913 2 1 3 5280 
Rx 0.391317 2 1 3 5280 416639
Tx 0.3914 2 1 3 5280 
Rx 0.391417 2 1 3 5280 416639
Tx 0.3915 2 1 3 5280 
Rx 0.391517 2 1 3 5280 416639
Tx 0.3916 2 1 3 5280 
Rx 0.391617 2 1 3 5280 416639
Tx 0.3917 2 1 3 5280 
Rx 0.391717 2 1 3 5280 416639
Tx 0.3918 2 1 3 5280 
Rx 0.391817 2 1 3 5280 416639
Tx 0.3919 2 1 3 5280 
Rx 0.391917 2 1 3 5280 416639
Tx 0.392 2 1 3 5280 
Rx 0.392017 2 1 3 5280 416639
Tx 0.3921 2 1 3 5280 
Rx 0.392117 2 1 3 5280 416639
Tx 0.3922 2 1 3 5280 
Rx 0.392217 2 1 3 5280 416639
Tx 0.3923 2 1 3 5280 
Rx 0.392317 2 1 3 5280 416639
Tx 0.3924 2 1 3 5280 
Rx 0.392417 2 1 3 5280 416639
Tx 0.3925 2 1 3 5280 
Rx 0.392517 2 1 3 5280 416639
Tx 0.3926 2 1 3 5280 
Rx 0.392617 2 1 3 5280 416639
Tx 0.3927 2 1 3 5280 
Rx 0.392717 2 1 3 5280 416639
Tx 0.3928 2 1 3 5280 
Rx 0.392817 2 1 3 5280 416639
Tx 0.3929 2 1 3 5280 
Rx 0.392917 2 1 3 5280 416639
Tx 0.393 2 1 3 5280 
Rx 0.393017 2 1 3 5280 416639
Tx 0.3931 2 1 3 5280 
Rx 0.393117 2 1 3 5280 416639
Tx 0.3932 2 1 3 5280 
Rx 0.393217 2 1 3 5280 416639
Tx 0.3933 2 1 3 5280 
Rx 0.393317 2 1 3 5280 416639
Tx 0.3934 2 1 3 5280 
Rx 0.393417 2 1 3 5280 416639
Tx 0.3935 2 1 3 5280 
Rx 0.393517 2 1 3 5280 416639
Tx 0.3936 2 1 3 5280 
Rx 0.393617 2 1 3 5280 416639
Tx 0.3937 2 1 3 5280 
Rx 0.393717 2 1 3 5280 416639
Tx 0.3938 2 1 3 5280 
Rx 0.393817 2 1 3 5280 416639
Tx 0.3939 2 1 3 5280 
Rx 0.393917 2 1 3 5280 416639
Tx 0.394 2 1 3 5280 
Rx 0.394017 2 1 3 5280 416639
Tx 0.3941 2 1 3 5280 
Rx 0.394117 2 1 3 5280 416639
Tx 0.3942 2 1 3 5280 
Rx 0.394217 2 1 3 5280 416639
Tx 0.3943 2 1 3 5280 
Rx 0.394317 2 1 3 5280 416639
Tx 0.3944 2 1 3 5280 
Rx 0.394417 2 1 3 5280 416639
Tx 0.3945 2 1 3 5280 
Rx 0.394517 2 1 3 5280 416639
Tx 0.3946 2 1 3 5280 
Rx 0.394617 2 1 3 5280 416639
Tx 0.3947 2 1 3 5280 
Rx 0.394717 2 1 3 5280 416639
Tx 0.3948 2 1 3 5280 
Rx 0.394817 2 1 3 5280 416639
Tx 0.3949 2 1 3 5280 
Rx 0.394917 2 1 3 5280 416639
Tx 0.395 2 1 3 5280 
Rx 0.395017 2 1 3 5280 416639
Tx 0.3951 2 1 3 5280 
Rx 0.395117 2 1 3 5280 416639
Tx 0.3952 2 1 3 5280 
Rx 0.395217 2 1 3 5280 416639
Tx 0.3953 2 1 3 5280 
Rx 0.395317 2 1 3 5280 416639
Tx 0.3954 2 1 3 5280 
Rx 0.395417 2 1 3 5280 416639
Tx 0.3955 2 1 3 5280 
Rx 0.395517 2 1 3 5280 416639
Tx 0.3956 2 1 3 5280 
Rx 0.395617 2 1 3 5280 416639
Tx 0.3957 2 1 3 5280 
Rx 0.395717 2 1 3 5280 416639
Tx 0.3958 2 1 3 5280 
Rx 0.395817 2 1 3 5280 416639
Tx 0.3959 2 1 3 5280 
Rx 0.395917 2 1 3 5280 416639
Tx 0.396 2 1 3 5280 
Rx 0.396017 2 1 3 5280 416639
Tx 0.3961 2 1 3 5280 
Rx 0.396117 2 1 3 5280 416639
Tx 0.3962 2 1 3 5280 
Rx 0.396217 2 1 3 5280 416639
Tx 0.3963 2 1 3 5280 
Rx 0.396317 2 1 3 5280 416639
Tx 0.3964 2 1 3 5280 
Rx 0.396417 2 1 3 5280 416639
Tx 0.3965 2 1 3 5280 
Rx 0.396517 2 1 3 5280 416639
Tx 0.3966 2 1 3 5280 
Rx 0.396617 2 1 3 5280 416639
Tx 0.3967 2 1 3 5280 
Rx 0.396717 2 1 3 5280 416639
Tx 0.3968 2 1 3 5280 
Rx 0.396817 2 1 3 5280 416639
Tx 0.3969 2 1 3 5280 
Rx 0.396917 2 1 3 5280 416639
Tx 0.397 2 1 3 5280 
Rx 0.397017 2 1 3 5280 416639
Tx 0.3971 2 1 3 5280 
Rx 0.397117 2 1 3 5280 416639
Tx 0.3972 2 1 3 5280 
Rx 0.397217 2 1 3 5280 416639
Tx 0.3973 2 1 3 5280 
Rx 0.397317 2 1 3 5280 416639
Tx 0.3974 2 1 3 5280 
Rx 0.397417 2 1 3 5280 416639
Tx 0.3975 2 1 3 5280 
Rx 0.397517 2 1 3 5280 416639
Tx 0.3976 2 1 3 5280 
Rx 0.397617 2 1 3 5280 416639
Tx 0.3977 2 1 3 5280 
Rx 0.397717 2 1 3 5280 416639
Tx 0.3978 2 1 3 5280 
Rx 0.397817 2 1 3 5280 416639
Tx 0.3979 2 1 3 5280 
Rx 0.397917 2 1 3 5280 416639
Tx 0.398 2 1 3 5280 
Rx 0.398017 2 1 3 5280 416639
Tx 0.3981 2 1 3 5280 
Rx 0.398117 2 1 3 5280 416639
Tx 0.3982 2 1 3 5280 
Rx 0.398217 2 1 3 5280 416639
Tx 0.3983 2 1 3 5280 
Rx 0.398317 2 1 3 5280 416639
Tx 0.3984 2 1 3 5280 
Rx 0.398417 2 1 3 5280 416639
Tx 0.3985 2 1 3 5280 
Rx 0.398517 2 1 3 5280 416639
Tx 0.3986 2 1 3 5280 
Rx 0.398617 2 1 3 5280 416639
Tx 0.3987 2 1 3 5280 
Rx 0.398717 2 1 3 5280 416639
Tx 0.3988 2 1 3 5280 
Rx 0.398817 2 1 3 5280 416639
Tx 0.3989 2 1 3 5280 
Rx 0.398917 2 1 3 5280 416639
Tx 0.399 2 1 3 5280 
Rx 0.399017 2 1 3 5280 416639
Tx 0.3991 2 1 3 5280 
Rx 0.399117 2 1 3 5280 416639
Tx 0.3992 2 1 3 5280 
Rx 0.399217 2 1 3 5280 416639
Tx 0.3993 2 1 3 5280 
Rx 0.399317 2 1 3 5280 416639
Tx 0.3994 2 1 3 5280 
Rx 0.399417 2 1 3 5280 416639
Tx 0.3995 2 1 3 5280 
Rx 0.399517 2 1 3 5280 416639
Tx 0.3996 2 1 3 5280 
Rx 0.399617 2 1 3 5280 416639
Tx 0.3997 2 1 3 5280 
Rx 0.399717 2 1 3 5280 416639
Tx 0.3998 2 1 3 5280 
Rx 0.399817 2 1 3 5280 416639
Tx 0.3999 2 1 3 5280 
Rx 0.399917 2 1 3 5280 416639
Tx 0.4 2 1 3 5280 
Rx 0.400017 2 1 3 5280 416639
Tx 0.4001 2 1 3 5280 
Rx 0.400117 2 1 3 5280 416639
Tx 0.4002 2 1 3 5280 
Rx 0.400217 2 1 3 5280 416639
Tx 0.4003 2 1 3 5280 
Rx 0.400317 2 1 3 5280 416639
Tx 0.4004 2 1 3 5280 
Rx 0.400417 2 1 3 5280 416639
Tx 0.4005 2 1 3 5280 
Rx 0.400517 2 1 3 5280 416639
Tx 0.4006 2 1 3 5280 
Rx 0.400617 2 1 3 5280 416639
Tx 0.4007 2 1 3 5280 
Rx 0.400717 2 1 3 5280 416639
Tx 0.4008 2 1 3 5280 
Rx 0.400817 2 1 3 5280 416639
Tx 0.4009 2 1 3 5280 
Rx 0.400917 2 1 3 5280 416639
Tx 0.401 2 1 3 5280 
Rx 0.401017 2 1 3 5280 416639
Tx 0.4011 2 1 3 5280 
Rx 0.401117 2 1 3 5280 416639
Tx 0.4012 2 1 3 5280 
Rx 0.401217 2 1 3 5280 416639
Tx 0.4013 2 1 3 5280 
Rx 0.401317 2 1 3 5280 416639
Tx 0.4014 2 1 3 5280 
Rx 0.401417 2 1 3 5280 416639
Tx 0.4015 2 1 3 5280 
Rx 0.401517 2 1 3 5280 416639
Tx 0.4016 2 1 3 5280 
Rx 0.401617 2 1 3 5280 416639
Tx 0.4017 2 1 3 5280 
Rx 0.401717 2 1 3 5280 416639
Tx 0.4018 2 1 3 5280 
Rx 0.401817 2 1 3 5280 416639
Tx 0.4019 2 1 3 5280 
Rx 0.401917 2 1 3 5280 416639
Tx 0.402 2 1 3 5280 
Rx 0.402017 2 1 3 5280 416639
Tx 0.4021 2 1 3 5280 
Rx 0.402117 2 1 3 5280 416639
Tx 0.4022 2 1 3 5280 
Rx 0.402217 2 1 3 5280 416639
Tx 0.4023 2 1 3 5280 
Rx 0.402317 2 1 3 5280 416639
Tx 0.4024 2 1 3 5280 
Rx 0.402417 2 1 3 5280 416639
Tx 0.4025 2 1 3 5280 
Rx 0.402517 2 1 3 5280 416639
Tx 0.4026 2 1 3 5280 
Rx 0.402617 2 1 3 5280 416639
Tx 0.4027 2 1 3 5280 
Rx 0.402717 2 1 3 5280 416639
Tx 0.4028 2 1 3 5280 
Rx 0.402817 2 1 3 5280 416639
Tx 0.4029 2 1 3 5280 
Rx 0.402917 2 1 3 5280 416639
Tx 0.403 2 1 3 5280 
Rx 0.403017 2 1 3 5280 416639
Tx 0.4031 2 1 3 5280 
Rx 0.403117 2 1 3 5280 416639
Tx 0.4032 2 1 3 5280 
Rx 0.403217 2 1 3 5280 416639
Tx 0.4033 2 1 3 5280 
Rx 0.403317 2 1 3 5280 416639
Tx 0.4034 2 1 3 5280 
Rx 0.403417 2 1 3 5280 416639
Tx 0.4035 2 1 3 5280 
Rx 0.403517 2 1 3 5280 416639
Tx 0.4036 2 1 3 5280 
Rx 0.403617 2 1 3 5280 416639
Tx 0.4037 2 1 3 5280 
Rx 0.403717 2 1 3 5280 416639
Tx 0.4038 2 1 3 5280 
Rx 0.403817 2 1 3 5280 416639
Tx 0.4039 2 1 3 5280 
Rx 0.403917 2 1 3 5280 416639
Tx 0.404 2 1 3 5280 
Rx 0.404017 2 1 3 5280 416639
Tx 0.4041 2 1 3 5280 
Rx 0.404117 2 1 3 5280 416639
Tx 0.4042 2 1 3 5280 
Rx 0.404217 2 1 3 5280 416639
Tx 0.4043 2 1 3 5280 
Rx 0.404317 2 1 3 5280 416639
Tx 0.4044 2 1 3 5280 
Rx 0.404417 2 1 3 5280 416639
Tx 0.4045 2 1 3 5280 
Rx 0.404517 2 1 3 5280 416639
Tx 0.4046 2 1 3 5280 
Rx 0.404617 2 1 3 5280 416639
Tx 0.4047 2 1 3 5280 
Rx 0.404717 2 1 3 5280 416639
Tx 0.4048 2 1 3 5280 
Rx 0.404817 2 1 3 5280 416639
Tx 0.4049 2 1 3 5280 
Rx 0.404917 2 1 3 5280 416639
Tx 0.405 2 1 3 5280 
Rx 0.405017 2 1 3 5280 416639
Tx 0.4051 2 1 3 5280 
Rx 0.405117 2 1 3 5280 416639
Tx 0.4052 2 1 3 5280 
Rx 0.405217 2 1 3 5280 416639
Tx 0.4053 2 1 3 5280 
Rx 0.405317 2 1 3 5280 416639
Tx 0.4054 2 1 3 5280 
Rx 0.405417 2 1 3 5280 416639
Tx 0.4055 2 1 3 5280 
Rx 0.405517 2 1 3 5280 416639
Tx 0.4056 2 1 3 5280 
Rx 0.405617 2 1 3 5280 416639
Tx 0.4057 2 1 3 5280 
Rx 0.405717 2 1 3 5280 416639
Tx 0.4058 2 1 3 5280 
Rx 0.405817 2 1 3 5280 416639
Tx 0.4059 2 1 3 5280 
Rx 0.405917 2 1 3 5280 416639
Tx 0.406 2 1 3 5280 
Rx 0.406017 2 1 3 5280 416639
Tx 0.4061 2 1 3 5280 
Rx 0.406117 2 1 3 5280 416639
Tx 0.4062 2 1 3 5280 
Rx 0.406217 2 1 3 5280 416639
Tx 0.4063 2 1 3 5280 
Rx 0.406317 2 1 3 5280 416639
Tx 0.4064 2 1 3 5280 
Rx 0.406417 2 1 3 5280 416639
Tx 0.4065 2 1 3 5280 
Rx 0.406517 2 1 3 5280 416639
Tx 0.4066 2 1 3 5280 
Rx 0.406617 2 1 3 5280 416639
Tx 0.4067 2 1 3 5280 
Rx 0.406717 2 1 3 5280 416639
Tx 0.4068 2 1 3 5280 
Rx 0.406817 2 1 3 5280 416639
Tx 0.4069 2 1 3 5280 
Rx 0.406917 2 1 3 5280 416639
Tx 0.407 2 1 3 5280 
Rx 0.407017 2 1 3 5280 416639
Tx 0.4071 2 1 3 5280 
Rx 0.407117 2 1 3 5280 416639
Tx 0.4072 2 1 3 5280 
Rx 0.407217 2 1 3 5280 416639
Tx 0.4073 2 1 3 5280 
Rx 0.407317 2 1 3 5280 416639
Tx 0.4074 2 1 3 5280 
Rx 0.407417 2 1 3 5280 416639
Tx 0.4075 2 1 3 5280 
Rx 0.407517 2 1 3 5280 416639
Tx 0.4076 2 1 3 5280 
Rx 0.407617 2 1 3 5280 416639
Tx 0.4077 2 1 3 5280 
Rx 0.407717 2 1 3 5280 416639
Tx 0.4078 2 1 3 5280 
Rx 0.407817 2 1 3 5280 416639
Tx 0.4079 2 1 3 5280 
Rx 0.407917 2 1 3 5280 416639
Tx 0.408 2 1 3 5280 
Rx 0.408017 2 1 3 5280 416639
Tx 0.4081 2 1 3 5280 
Rx 0.408117 2 1 3 5280 416639
Tx 0.4082 2 1 3 5280 
Rx 0.408217 2 1 3 5280 416639
Tx 0.4083 2 1 3 5280 
Rx 0.408317 2 1 3 5280 416639
Tx 0.4084 2 1 3 5280 
Rx 0.408417 2 1 3 5280 416639
Tx 0.4085 2 1 3 5280 
Rx 0.408517 2 1 3 5280 416639
Tx 0.4086 2 1 3 5280 
Rx 0.408617 2 1 3 5280 416639
Tx 0.4087 2 1 3 5280 
Rx 0.408717 2 1 3 5280 416639
Tx 0.4088 2 1 3 5280 
Rx 0.408817 2 1 3 5280 416639
Tx 0.4089 2 1 3 5280 
Rx 0.408917 2 1 3 5280 416639
Tx 0.409 2 1 3 5280 
Rx 0.409017 2 1 3 5280 416639
Tx 0.4091 2 1 3 5280 
Rx 0.409117 2 1 3 5280 416639
Tx 0.4092 2 1 3 5280 
Rx 0.409217 2 1 3 5280 416639
Tx 0.4093 2 1 3 5280 
Rx 0.409317 2 1 3 5280 416639
Tx 0.4094 2 1 3 5280 
Rx 0.409417 2 1 3 5280 416639
Tx 0.4095 2 1 3 5280 
Rx 0.409517 2 1 3 5280 416639
Tx 0.4096 2 1 3 5280 
Rx 0.409617 2 1 3 5280 416639
Tx 0.4097 2 1 3 5280 
Rx 0.409717 2 1 3 5280 416639
Tx 0.4098 2 1 3 5280 
Rx 0.409817 2 1 3 5280 416639
Tx 0.4099 2 1 3 5280 
Rx 0.409917 2 1 3 5280 416639
Tx 0.41 2 1 3 5280 
Rx 0.410017 2 1 3 5280 416639
Tx 0.4101 2 1 3 5280 
Rx 0.410117 2 1 3 5280 416639
Tx 0.4102 2 1 3 5280 
Rx 0.410217 2 1 3 5280 416639
Tx 0.4103 2 1 3 5280 
Rx 0.410317 2 1 3 5280 416639
Tx 0.4104 2 1 3 5280 
Rx 0.410417 2 1 3 5280 416639
Tx 0.4105 2 1 3 5280 
Rx 0.410517 2 1 3 5280 416639
Tx 0.4106 2 1 3 5280 
Rx 0.410617 2 1 3 5280 416639
Tx 0.4107 2 1 3 5280 
Rx 0.410717 2 1 3 5280 416639
Tx 0.4108 2 1 3 5280 
Rx 0.410817 2 1 3 5280 416639
Tx 0.4109 2 1 3 5280 
Rx 0.410917 2 1 3 5280 416639
Tx 0.411 2 1 3 5280 
Rx 0.411017 2 1 3 5280 416639
Tx 0.4111 2 1 3 5280 
Rx 0.411117 2 1 3 5280 416639
Tx 0.4112 2 1 3 5280 
Rx 0.411217 2 1 3 5280 416639
Tx 0.4113 2 1 3 5280 
Rx 0.411317 2 1 3 5280 416639
Tx 0.4114 2 1 3 5280 
Rx 0.411417 2 1 3 5280 416639
Tx 0.4115 2 1 3 5280 
Rx 0.411517 2 1 3 5280 416639
Tx 0.4116 2 1 3 5280 
Rx 0.411617 2 1 3 5280 416639
Tx 0.4117 2 1 3 5280 
Rx 0.411717 2 1 3 5280 416639
Tx 0.4118 2 1 3 5280 
Rx 0.411817 2 1 3 5280 416639
Tx 0.4119 2 1 3 5280 
Rx 0.411917 2 1 3 5280 416639
Tx 0.412 2 1 3 5280 
Rx 0.412017 2 1 3 5280 416639
Tx 0.4121 2 1 3 5280 
Rx 0.412117 2 1 3 5280 416639
Tx 0.4122 2 1 3 5280 
Rx 0.412217 2 1 3 5280 416639
Tx 0.4123 2 1 3 5280 
Rx 0.412317 2 1 3 5280 416639
Tx 0.4124 2 1 3 5280 
Rx 0.412417 2 1 3 5280 416639
Tx 0.4125 2 1 3 5280 
Rx 0.412517 2 1 3 5280 416639
Tx 0.4126 2 1 3 5280 
Rx 0.412617 2 1 3 5280 416639
Tx 0.4127 2 1 3 5280 
Rx 0.412717 2 1 3 5280 416639
Tx 0.4128 2 1 3 5280 
Rx 0.412817 2 1 3 5280 416639
Tx 0.4129 2 1 3 5280 
Rx 0.412917 2 1 3 5280 416639
Tx 0.413 2 1 3 5280 
Rx 0.413017 2 1 3 5280 416639
Tx 0.4131 2 1 3 5280 
Rx 0.413117 2 1 3 5280 416639
Tx 0.4132 2 1 3 5280 
Rx 0.413217 2 1 3 5280 416639
Tx 0.4133 2 1 3 5280 
Rx 0.413317 2 1 3 5280 416639
Tx 0.4134 2 1 3 5280 
Rx 0.413417 2 1 3 5280 416639
Tx 0.4135 2 1 3 5280 
Rx 0.413517 2 1 3 5280 416639
Tx 0.4136 2 1 3 5280 
Rx 0.413617 2 1 3 5280 416639
Tx 0.4137 2 1 3 5280 
Rx 0.413717 2 1 3 5280 416639
Tx 0.4138 2 1 3 5280 
Rx 0.413817 2 1 3 5280 416639
Tx 0.4139 2 1 3 5280 
Rx 0.413917 2 1 3 5280 416639
Tx 0.414 2 1 3 5280 
Rx 0.414017 2 1 3 5280 416639
Tx 0.4141 2 1 3 5280 
Rx 0.414117 2 1 3 5280 416639
Tx 0.4142 2 1 3 5280 
Rx 0.414217 2 1 3 5280 416639
Tx 0.4143 2 1 3 5280 
Rx 0.414317 2 1 3 5280 416639
Tx 0.4144 2 1 3 5280 
Rx 0.414417 2 1 3 5280 416639
Tx 0.4145 2 1 3 5280 
Rx 0.414517 2 1 3 5280 416639
Tx 0.4146 2 1 3 5280 
Rx 0.414617 2 1 3 5280 416639
Tx 0.4147 2 1 3 5280 
Rx 0.414717 2 1 3 5280 416639
Tx 0.4148 2 1 3 5280 
Rx 0.414817 2 1 3 5280 416639
Tx 0.4149 2 1 3 5280 
Rx 0.414917 2 1 3 5280 416639
Tx 0.415 2 1 3 5280 
Rx 0.415017 2 1 3 5280 416639
Tx 0.4151 2 1 3 5280 
Rx 0.415117 2 1 3 5280 416639
Tx 0.4152 2 1 3 5280 
Rx 0.415217 2 1 3 5280 416639
Tx 0.4153 2 1 3 5280 
Rx 0.415317 2 1 3 5280 416639
Tx 0.4154 2 1 3 5280 
Rx 0.415417 2 1 3 5280 416639
Tx 0.4155 2 1 3 5280 
Rx 0.415517 2 1 3 5280 416639
Tx 0.4156 2 1 3 5280 
Rx 0.415617 2 1 3 5280 416639
Tx 0.4157 2 1 3 5280 
Rx 0.415717 2 1 3 5280 416639
Tx 0.4158 2 1 3 5280 
Rx 0.415817 2 1 3 5280 416639
Tx 0.4159 2 1 3 5280 
Rx 0.415917 2 1 3 5280 416639
Tx 0.416 2 1 3 5280 
Rx 0.416017 2 1 3 5280 416639
Tx 0.4161 2 1 3 5280 
Rx 0.416117 2 1 3 5280 416639
Tx 0.4162 2 1 3 5280 
Rx 0.416217 2 1 3 5280 416639
Tx 0.4163 2 1 3 5280 
Rx 0.416317 2 1 3 5280 416639
Tx 0.4164 2 1 3 5280 
Rx 0.416417 2 1 3 5280 416639
Tx 0.4165 2 1 3 5280 
Rx 0.416517 2 1 3 5280 416639
Tx 0.4166 2 1 3 5280 
Rx 0.416617 2 1 3 5280 416639
Tx 0.4167 2 1 3 5280 
Rx 0.416717 2 1 3 5280 416639
Tx 0.4168 2 1 3 5280 
Rx 0.416817 2 1 3 5280 416639
Tx 0.4169 2 1 3 5280 
Rx 0.416917 2 1 3 5280 416639
Tx 0.417 2 1 3 5280 
Rx 0.417017 2 1 3 5280 416639
Tx 0.4171 2 1 3 5280 
Rx 0.417117 2 1 3 5280 416639
Tx 0.4172 2 1 3 5280 
Rx 0.417217 2 1 3 5280 416639
Tx 0.4173 2 1 3 5280 
Rx 0.417317 2 1 3 5280 416639
Tx 0.4174 2 1 3 5280 
Rx 0.417417 2 1 3 5280 416639
Tx 0.4175 2 1 3 5280 
Rx 0.417517 2 1 3 5280 416639
Tx 0.4176 2 1 3 5280 
Rx 0.417617 2 1 3 5280 416639
Tx 0.4177 2 1 3 5280 
Rx 0.417717 2 1 3 5280 416639
Tx 0.4178 2 1 3 5280 
Rx 0.417817 2 1 3 5280 416639
Tx 0.4179 2 1 3 5280 
Rx 0.417917 2 1 3 5280 416639
Tx 0.418 2 1 3 5280 
Rx 0.418017 2 1 3 5280 416639
Tx 0.4181 2 1 3 5280 
Rx 0.418117 2 1 3 5280 416639
Tx 0.4182 2 1 3 5280 
Rx 0.418217 2 1 3 5280 416639
Tx 0.4183 2 1 3 5280 
Rx 0.418317 2 1 3 5280 416639
Tx 0.4184 2 1 3 5280 
Rx 0.418417 2 1 3 5280 416639
Tx 0.4185 2 1 3 5280 
Rx 0.418517 2 1 3 5280 416639
Tx 0.4186 2 1 3 5280 
Rx 0.418617 2 1 3 5280 416639
Tx 0.4187 2 1 3 5280 
Rx 0.418717 2 1 3 5280 416639
Tx 0.4188 2 1 3 5280 
Rx 0.418817 2 1 3 5280 416639
Tx 0.4189 2 1 3 5280 
Rx 0.418917 2 1 3 5280 416639
Tx 0.419 2 1 3 5280 
Rx 0.419017 2 1 3 5280 416639
Tx 0.4191 2 1 3 5280 
Rx 0.419117 2 1 3 5280 416639
Tx 0.4192 2 1 3 5280 
Rx 0.419217 2 1 3 5280 416639
Tx 0.4193 2 1 3 5280 
Rx 0.419317 2 1 3 5280 416639
Tx 0.4194 2 1 3 5280 
Rx 0.419417 2 1 3 5280 416639
Tx 0.4195 2 1 3 5280 
Rx 0.419517 2 1 3 5280 416639
Tx 0.4196 2 1 3 5280 
Rx 0.419617 2 1 3 5280 416639
Tx 0.4197 2 1 3 5280 
Rx 0.419717 2 1 3 5280 416639
Tx 0.4198 2 1 3 5280 
Rx 0.419817 2 1 3 5280 416639
Tx 0.4199 2 1 3 5280 
Rx 0.419917 2 1 3 5280 416639
Tx 0.42 2 1 3 5280 
Rx 0.420017 2 1 3 5280 416639
Tx 0.4201 2 1 3 5280 
Rx 0.420117 2 1 3 5280 416639
Tx 0.4202 2 1 3 5280 
Rx 0.420217 2 1 3 5280 416639
Tx 0.4203 2 1 3 5280 
Rx 0.420317 2 1 3 5280 416639
Tx 0.4204 2 1 3 5280 
Rx 0.420417 2 1 3 5280 416639
Tx 0.4205 2 1 3 5280 
Rx 0.420517 2 1 3 5280 416639
Tx 0.4206 2 1 3 5280 
Rx 0.420617 2 1 3 5280 416639
Tx 0.4207 2 1 3 5280 
Rx 0.420717 2 1 3 5280 416639
Tx 0.4208 2 1 3 5280 
Rx 0.420817 2 1 3 5280 416639
Tx 0.4209 2 1 3 5280 
Rx 0.420917 2 1 3 5280 416639
Tx 0.421 2 1 3 5280 
Rx 0.421017 2 1 3 5280 416639
Tx 0.4211 2 1 3 5280 
Rx 0.421117 2 1 3 5280 416639
Tx 0.4212 2 1 3 5280 
Rx 0.421217 2 1 3 5280 416639
Tx 0.4213 2 1 3 5280 
Rx 0.421317 2 1 3 5280 416639
Tx 0.4214 2 1 3 5280 
Rx 0.421417 2 1 3 5280 416639
Tx 0.4215 2 1 3 5280 
Rx 0.421517 2 1 3 5280 416639
Tx 0.4216 2 1 3 5280 
Rx 0.421617 2 1 3 5280 416639
Tx 0.4217 2 1 3 5280 
Rx 0.421717 2 1 3 5280 416639
Tx 0.4218 2 1 3 5280 
Rx 0.421817 2 1 3 5280 416639
Tx 0.4219 2 1 3 5280 
Rx 0.421917 2 1 3 5280 416639
Tx 0.422 2 1 3 5280 
Rx 0.422017 2 1 3 5280 416639
Tx 0.4221 2 1 3 5280 
Rx 0.422117 2 1 3 5280 416639
Tx 0.4222 2 1 3 5280 
Rx 0.422217 2 1 3 5280 416639
Tx 0.4223 2 1 3 5280 
Rx 0.422317 2 1 3 5280 416639
Tx 0.4224 2 1 3 5280 
Rx 0.422417 2 1 3 5280 416639
Tx 0.4225 2 1 3 5280 
Rx 0.422517 2 1 3 5280 416639
Tx 0.4226 2 1 3 5280 
Rx 0.422617 2 1 3 5280 416639
Tx 0.4227 2 1 3 5280 
Rx 0.422717 2 1 3 5280 416639
Tx 0.4228 2 1 3 5280 
Rx 0.422817 2 1 3 5280 416639
Tx 0.4229 2 1 3 5280 
Rx 0.422917 2 1 3 5280 416639
Tx 0.423 2 1 3 5280 
Rx 0.423017 2 1 3 5280 416639
Tx 0.4231 2 1 3 5280 
Rx 0.423117 2 1 3 5280 416639
Tx 0.4232 2 1 3 5280 
Rx 0.423217 2 1 3 5280 416639
Tx 0.4233 2 1 3 5280 
Rx 0.423317 2 1 3 5280 416639
Tx 0.4234 2 1 3 5280 
Rx 0.423417 2 1 3 5280 416639
Tx 0.4235 2 1 3 5280 
Rx 0.423517 2 1 3 5280 416639
Tx 0.4236 2 1 3 5280 
Rx 0.423617 2 1 3 5280 416639
Tx 0.4237 2 1 3 5280 
Rx 0.423717 2 1 3 5280 416639
Tx 0.4238 2 1 3 5280 
Rx 0.423817 2 1 3 5280 416639
Tx 0.4239 2 1 3 5280 
Rx 0.423917 2 1 3 5280 416639
Tx 0.424 2 1 3 5280 
Rx 0.424017 2 1 3 5280 416639
Tx 0.4241 2 1 3 5280 
Rx 0.424117 2 1 3 5280 416639
Tx 0.4242 2 1 3 5280 
Rx 0.424217 2 1 3 5280 416639
Tx 0.4243 2 1 3 5280 
Rx 0.424317 2 1 3 5280 416639
Tx 0.4244 2 1 3 5280 
Rx 0.424417 2 1 3 5280 416639
Tx 0.4245 2 1 3 5280 
Rx 0.424517 2 1 3 5280 416639
Tx 0.4246 2 1 3 5280 
Rx 0.424617 2 1 3 5280 416639
Tx 0.4247 2 1 3 5280 
Rx 0.424717 2 1 3 5280 416639
Tx 0.4248 2 1 3 5280 
Rx 0.424817 2 1 3 5280 416639
Tx 0.4249 2 1 3 5280 
Rx 0.424917 2 1 3 5280 416639
Tx 0.425 2 1 3 5280 
Rx 0.425017 2 1 3 5280 416639
Tx 0.4251 2 1 3 5280 
Rx 0.425117 2 1 3 5280 416639
Tx 0.4252 2 1 3 5280 
Rx 0.425217 2 1 3 5280 416639
Tx 0.4253 2 1 3 5280 
Rx 0.425317 2 1 3 5280 416639
Tx 0.4254 2 1 3 5280 
Rx 0.425417 2 1 3 5280 416639
Tx 0.4255 2 1 3 5280 
Rx 0.425517 2 1 3 5280 416639
Tx 0.4256 2 1 3 5280 
Rx 0.425617 2 1 3 5280 416639
Tx 0.4257 2 1 3 5280 
Rx 0.425717 2 1 3 5280 416639
Tx 0.4258 2 1 3 5280 
Rx 0.425817 2 1 3 5280 416639
Tx 0.4259 2 1 3 5280 
Rx 0.425917 2 1 3 5280 416639
Tx 0.426 2 1 3 5280 
Rx 0.426017 2 1 3 5280 416639
Tx 0.4261 2 1 3 5280 
Rx 0.426117 2 1 3 5280 416639
Tx 0.4262 2 1 3 5280 
Rx 0.426217 2 1 3 5280 416639
Tx 0.4263 2 1 3 5280 
Rx 0.426317 2 1 3 5280 416639
Tx 0.4264 2 1 3 5280 
Rx 0.426417 2 1 3 5280 416639
Tx 0.4265 2 1 3 5280 
Rx 0.426517 2 1 3 5280 416639
Tx 0.4266 2 1 3 5280 
Rx 0.426617 2 1 3 5280 416639
Tx 0.4267 2 1 3 5280 
Rx 0.426717 2 1 3 5280 416639
Tx 0.4268 2 1 3 5280 
Rx 0.426817 2 1 3 5280 416639
Tx 0.4269 2 1 3 5280 
Rx 0.426917 2 1 3 5280 416639
Tx 0.427 2 1 3 5280 
Rx 0.427017 2 1 3 5280 416639
Tx 0.4271 2 1 3 5280 
Rx 0.427117 2 1 3 5280 416639
Tx 0.4272 2 1 3 5280 
Rx 0.427217 2 1 3 5280 416639
Tx 0.4273 2 1 3 5280 
Rx 0.427317 2 1 3 5280 416639
Tx 0.4274 2 1 3 5280 
Rx 0.427417 2 1 3 5280 416639
Tx 0.4275 2 1 3 5280 
Rx 0.427517 2 1 3 5280 416639
Tx 0.4276 2 1 3 5280 
Rx 0.427617 2 1 3 5280 416639
Tx 0.4277 2 1 3 5280 
Rx 0.427717 2 1 3 5280 416639
Tx 0.4278 2 1 3 5280 
Rx 0.427817 2 1 3 5280 416639
Tx 0.4279 2 1 3 5280 
Rx 0.427917 2 1 3 5280 416639
Tx 0.428 2 1 3 5280 
Rx 0.428017 2 1 3 5280 416639
Tx 0.4281 2 1 3 5280 
Rx 0.428117 2 1 3 5280 416639
Tx 0.4282 2 1 3 5280 
Rx 0.428217 2 1 3 5280 416639
Tx 0.4283 2 1 3 5280 
Rx 0.428317 2 1 3 5280 416639
Tx 0.4284 2 1 3 5280 
Rx 0.428417 2 1 3 5280 416639
Tx 0.4285 2 1 3 5280 
Rx 0.428517 2 1 3 5280 416639
Tx 0.4286 2 1 3 5280 
Rx 0.428617 2 1 3 5280 416639
Tx 0.4287 2 1 3 5280 
Rx 0.428717 2 1 3 5280 416639
Tx 0.4288 2 1 3 5280 
Rx 0.428817 2 1 3 5280 416639
Tx 0.4289 2 1 3 5280 
Rx 0.428917 2 1 3 5280 416639
Tx 0.429 2 1 3 5280 
Rx 0.429017 2 1 3 5280 416639
Tx 0.4291 2 1 3 5280 
Rx 0.429117 2 1 3 5280 416639
Tx 0.4292 2 1 3 5280 
Rx 0.429217 2 1 3 5280 416639
Tx 0.4293 2 1 3 5280 
Rx 0.429317 2 1 3 5280 416639
Tx 0.4294 2 1 3 5280 
Rx 0.429417 2 1 3 5280 416639
Tx 0.4295 2 1 3 5280 
Rx 0.429517 2 1 3 5280 416639
Tx 0.4296 2 1 3 5280 
Rx 0.429617 2 1 3 5280 416639
Tx 0.4297 2 1 3 5280 
Rx 0.429717 2 1 3 5280 416639
Tx 0.4298 2 1 3 5280 
Rx 0.429817 2 1 3 5280 416639
Tx 0.4299 2 1 3 5280 
Rx 0.429917 2 1 3 5280 416639
Tx 0.43 2 1 3 5280 
Rx 0.430017 2 1 3 5280 416639
Tx 0.4301 2 1 3 5280 
Rx 0.430117 2 1 3 5280 416639
Tx 0.4302 2 1 3 5280 
Rx 0.430217 2 1 3 5280 416639
Tx 0.4303 2 1 3 5280 
Rx 0.430317 2 1 3 5280 416639
Tx 0.4304 2 1 3 5280 
Rx 0.430417 2 1 3 5280 416639
Tx 0.4305 2 1 3 5280 
Rx 0.430517 2 1 3 5280 416639
Tx 0.4306 2 1 3 5280 
Rx 0.430617 2 1 3 5280 416639
Tx 0.4307 2 1 3 5280 
Rx 0.430717 2 1 3 5280 416639
Tx 0.4308 2 1 3 5280 
Rx 0.430817 2 1 3 5280 416639
Tx 0.4309 2 1 3 5280 
Rx 0.430917 2 1 3 5280 416639
Tx 0.431 2 1 3 5280 
Rx 0.431017 2 1 3 5280 416639
Tx 0.4311 2 1 3 5280 
Rx 0.431117 2 1 3 5280 416639
Tx 0.4312 2 1 3 5280 
Rx 0.431217 2 1 3 5280 416639
Tx 0.4313 2 1 3 5280 
Rx 0.431317 2 1 3 5280 416639
Tx 0.4314 2 1 3 5280 
Rx 0.431417 2 1 3 5280 416639
Tx 0.4315 2 1 3 5280 
Rx 0.431517 2 1 3 5280 416639
Tx 0.4316 2 1 3 5280 
Rx 0.431617 2 1 3 5280 416639
Tx 0.4317 2 1 3 5280 
Rx 0.431717 2 1 3 5280 416639
Tx 0.4318 2 1 3 5280 
Rx 0.431817 2 1 3 5280 416639
Tx 0.4319 2 1 3 5280 
Rx 0.431917 2 1 3 5280 416639
Tx 0.432 2 1 3 5280 
Rx 0.432017 2 1 3 5280 416639
Tx 0.4321 2 1 3 5280 
Rx 0.432117 2 1 3 5280 416639
Tx 0.4322 2 1 3 5280 
Rx 0.432217 2 1 3 5280 416639
Tx 0.4323 2 1 3 5280 
Rx 0.432317 2 1 3 5280 416639
Tx 0.4324 2 1 3 5280 
Rx 0.432417 2 1 3 5280 416639
Tx 0.4325 2 1 3 5280 
Rx 0.432517 2 1 3 5280 416639
Tx 0.4326 2 1 3 5280 
Rx 0.432617 2 1 3 5280 416639
Tx 0.4327 2 1 3 5280 
Rx 0.432717 2 1 3 5280 416639
Tx 0.4328 2 1 3 5280 
Rx 0.432817 2 1 3 5280 416639
Tx 0.4329 2 1 3 5280 
Rx 0.432917 2 1 3 5280 416639
Tx 0.433 2 1 3 5280 
Rx 0.433017 2 1 3 5280 416639
Tx 0.4331 2 1 3 5280 
Rx 0.433117 2 1 3 5280 416639
Tx 0.4332 2 1 3 5280 
Rx 0.433217 2 1 3 5280 416639
Tx 0.4333 2 1 3 5280 
Rx 0.433317 2 1 3 5280 416639
Tx 0.4334 2 1 3 5280 
Rx 0.433417 2 1 3 5280 416639
Tx 0.4335 2 1 3 5280 
Rx 0.433517 2 1 3 5280 416639
Tx 0.4336 2 1 3 5280 
Rx 0.433617 2 1 3 5280 416639
Tx 0.4337 2 1 3 5280 
Rx 0.433717 2 1 3 5280 416639
Tx 0.4338 2 1 3 5280 
Rx 0.433817 2 1 3 5280 416639
Tx 0.4339 2 1 3 5280 
Rx 0.433917 2 1 3 5280 416639
Tx 0.434 2 1 3 5280 
Rx 0.434017 2 1 3 5280 416639
Tx 0.4341 2 1 3 5280 
Rx 0.434117 2 1 3 5280 416639
Tx 0.4342 2 1 3 5280 
Rx 0.434217 2 1 3 5280 416639
Tx 0.4343 2 1 3 5280 
Rx 0.434317 2 1 3 5280 416639
Tx 0.4344 2 1 3 5280 
Rx 0.434417 2 1 3 5280 416639
Tx 0.4345 2 1 3 5280 
Rx 0.434517 2 1 3 5280 416639
Tx 0.4346 2 1 3 5280 
Rx 0.434617 2 1 3 5280 416639
Tx 0.4347 2 1 3 5280 
Rx 0.434717 2 1 3 5280 416639
Tx 0.4348 2 1 3 5280 
Rx 0.434817 2 1 3 5280 416639
Tx 0.4349 2 1 3 5280 
Rx 0.434917 2 1 3 5280 416639
Tx 0.435 2 1 3 5280 
Rx 0.435017 2 1 3 5280 416639
Tx 0.4351 2 1 3 5280 
Rx 0.435117 2 1 3 5280 416639
Tx 0.4352 2 1 3 5280 
Rx 0.435217 2 1 3 5280 416639
Tx 0.4353 2 1 3 5280 
Rx 0.435317 2 1 3 5280 416639
Tx 0.4354 2 1 3 5280 
Rx 0.435417 2 1 3 5280 416639
