0.0005 1 2 37.8353
0.0005 1 3 14.5517
0.0021 1 2 37.8353
0.0021 1 3 14.5517
0.0037 1 2 37.8353
0.0037 1 3 14.5517
0.0053 1 2 37.8353
0.0053 1 3 14.5517
0.0069 1 2 37.8353
0.0069 1 3 14.5517
0.0085 1 2 37.8353
0.0085 1 3 14.5517
0.0101 1 2 37.8353
0.0101 1 3 14.5517
0.0117 1 2 37.8353
0.0117 1 3 14.5517
0.0133 1 2 37.8353
0.0133 1 3 14.5517
0.0149 1 2 37.8353
0.0149 1 3 14.5517
0.0165 1 2 37.8353
0.0165 1 3 14.5517
0.0181 1 2 37.8353
0.0181 1 3 14.5517
0.0197 1 2 37.8353
0.0197 1 3 14.5517
0.0213 1 2 37.8353
0.0213 1 3 14.5517
0.0229 1 2 37.8353
0.0229 1 3 14.5517
0.0245 1 2 37.8353
0.0245 1 3 14.5517
0.0261 1 2 37.8353
0.0261 1 3 14.5517
0.0277 1 2 37.8353
0.0277 1 3 14.5517
0.0293 1 2 37.8353
0.0293 1 3 14.5517
0.0309 1 2 37.8353
0.0309 1 3 14.5517
0.0325 1 2 37.8353
0.0325 1 3 14.5517
0.0341 1 2 37.8353
0.0341 1 3 14.5517
0.0357 1 2 37.8353
0.0357 1 3 14.5517
0.0373 1 2 37.8353
0.0373 1 3 14.5517
0.0389 1 2 37.8353
0.0389 1 3 14.5517
0.0405 1 2 37.8353
0.0405 1 3 14.5517
0.0421 1 2 37.8353
0.0421 1 3 14.5517
0.0437 1 2 37.8353
0.0437 1 3 14.5517
0.0453 1 2 37.8353
0.0453 1 3 14.5517
0.0469 1 2 37.8353
0.0469 1 3 14.5517
0.0485 1 2 37.8353
0.0485 1 3 14.5517
0.0501 1 2 37.8353
0.0501 1 3 14.5517
0.0517 1 2 37.8353
0.0517 1 3 14.5517
0.0533 1 2 37.8353
0.0533 1 3 14.5517
0.0549 1 2 37.8353
0.0549 1 3 14.5517
0.0565 1 2 37.8353
0.0565 1 3 14.5517
0.0581 1 2 37.8353
0.0581 1 3 14.5517
0.0597 1 2 37.8353
0.0597 1 3 14.5517
0.0613 1 2 37.8353
0.0613 1 3 14.5517
0.0629 1 2 37.8353
0.0629 1 3 14.5517
0.0645 1 2 37.8353
0.0645 1 3 14.5517
0.0661 1 2 37.8353
0.0661 1 3 14.5517
0.0677 1 2 37.8353
0.0677 1 3 14.5517
0.0693 1 2 37.8353
0.0693 1 3 14.5517
0.0709 1 2 37.8353
0.0709 1 3 14.5517
0.0725 1 2 37.8353
0.0725 1 3 14.5517
0.0741 1 2 37.8353
0.0741 1 3 14.5517
0.0757 1 2 37.8353
0.0757 1 3 14.5517
0.0773 1 2 37.8353
0.0773 1 3 14.5517
0.0789 1 2 37.8353
0.0789 1 3 14.5517
0.0805 1 2 37.8353
0.0805 1 3 14.5517
0.0821 1 2 37.8353
0.0821 1 3 14.5517
0.0837 1 2 37.8353
0.0837 1 3 14.5517
0.0853 1 2 37.8353
0.0853 1 3 14.5517
0.0869 1 2 37.8353
0.0869 1 3 14.5517
0.0885 1 2 37.8353
0.0885 1 3 14.5517
0.0901 1 2 37.8353
0.0901 1 3 14.5517
0.0917 1 2 37.8353
0.0917 1 3 14.5517
0.0933 1 2 37.8353
0.0933 1 3 14.5517
0.0949 1 2 37.8353
0.0949 1 3 14.5517
0.0965 1 2 37.8353
0.0965 1 3 14.5517
0.0981 1 2 37.8353
0.0981 1 3 14.5517
0.0997 1 2 37.8353
0.0997 1 3 14.5517
0.1013 1 2 38.5165
0.1013 1 3 14.7357
0.1029 1 2 38.5165
0.1029 1 3 14.7357
0.1045 1 2 38.5165
0.1045 1 3 14.7357
0.1061 1 2 38.5165
0.1061 1 3 14.7357
0.1077 1 2 38.5165
0.1077 1 3 14.7357
0.1093 1 2 38.5165
0.1093 1 3 14.7357
0.1109 1 2 38.5165
0.1109 1 3 14.7357
0.1125 1 2 38.5165
0.1125 1 3 14.7357
0.1141 1 2 38.5165
0.1141 1 3 14.7357
0.1157 1 2 38.5165
0.1157 1 3 14.7357
0.1173 1 2 38.5165
0.1173 1 3 14.7357
0.1189 1 2 38.5165
0.1189 1 3 14.7357
0.1205 1 2 38.5165
0.1205 1 3 14.7357
0.1221 1 2 38.5165
0.1221 1 3 14.7357
0.1237 1 2 38.5165
0.1237 1 3 14.7357
0.1253 1 2 38.5165
0.1253 1 3 14.7357
0.1269 1 2 38.5165
0.1269 1 3 14.7357
0.1285 1 2 38.5165
0.1285 1 3 14.7357
0.1301 1 2 38.5165
0.1301 1 3 14.7357
0.1317 1 2 38.5165
0.1317 1 3 14.7357
0.1333 1 2 38.5165
0.1333 1 3 14.7357
0.1349 1 2 38.5165
0.1349 1 3 14.7357
0.1365 1 2 38.5165
0.1365 1 3 14.7357
0.1381 1 2 38.5165
0.1381 1 3 14.7357
0.1397 1 2 38.5165
0.1397 1 3 14.7357
0.1413 1 2 38.5165
0.1413 1 3 14.7357
0.1429 1 2 38.5165
0.1429 1 3 14.7357
0.1445 1 2 38.5165
0.1445 1 3 14.7357
0.1461 1 2 38.5165
0.1461 1 3 14.7357
0.1477 1 2 38.5165
0.1477 1 3 14.7357
0.1493 1 2 38.5165
0.1493 1 3 14.7357
0.1509 1 2 38.5165
0.1509 1 3 14.7357
0.1525 1 2 38.5165
0.1525 1 3 14.7357
0.1541 1 2 38.5165
0.1541 1 3 14.7357
0.1557 1 2 38.5165
0.1557 1 3 14.7357
0.1573 1 2 38.5165
0.1573 1 3 14.7357
0.1589 1 2 38.5165
0.1589 1 3 14.7357
0.1605 1 2 38.5165
0.1605 1 3 14.7357
0.1621 1 2 38.5165
0.1621 1 3 14.7357
0.1637 1 2 38.5165
0.1637 1 3 14.7357
0.1653 1 2 38.5165
0.1653 1 3 14.7357
0.1669 1 2 38.5165
0.1669 1 3 14.7357
0.1685 1 2 38.5165
0.1685 1 3 14.7357
0.1701 1 2 38.5165
0.1701 1 3 14.7357
0.1717 1 2 38.5165
0.1717 1 3 14.7357
0.1733 1 2 38.5165
0.1733 1 3 14.7357
0.1749 1 2 38.5165
0.1749 1 3 14.7357
0.1765 1 2 38.5165
0.1765 1 3 14.7357
0.1781 1 2 38.5165
0.1781 1 3 14.7357
0.1797 1 2 38.5165
0.1797 1 3 14.7357
0.1813 1 2 38.5165
0.1813 1 3 14.7357
0.1829 1 2 38.5165
0.1829 1 3 14.7357
0.1845 1 2 38.5165
0.1845 1 3 14.7357
0.1861 1 2 38.5165
0.1861 1 3 14.7357
0.1877 1 2 38.5165
0.1877 1 3 14.7357
0.1893 1 2 38.5165
0.1893 1 3 14.7357
0.1909 1 2 38.5165
0.1909 1 3 14.7357
0.1925 1 2 38.5165
0.1925 1 3 14.7357
0.1941 1 2 38.5165
0.1941 1 3 14.7357
0.1957 1 2 38.5165
0.1957 1 3 14.7357
0.1973 1 2 38.5165
0.1973 1 3 14.7357
0.1989 1 2 38.5165
0.1989 1 3 14.7357
0.2005 1 2 38.5165
0.2005 1 3 14.7357
0.2021 1 2 40.5071
0.2021 1 3 12.0351
0.2037 1 2 40.5071
0.2037 1 3 12.0351
0.2053 1 2 40.5071
0.2053 1 3 12.0351
0.2069 1 2 40.5071
0.2069 1 3 12.0351
0.2085 1 2 40.5071
0.2085 1 3 12.0351
0.2101 1 2 40.5071
0.2101 1 3 12.0351
0.2117 1 2 40.5071
0.2117 1 3 12.0351
0.2133 1 2 40.5071
0.2133 1 3 12.0351
0.2149 1 2 40.5071
0.2149 1 3 12.0351
0.2165 1 2 40.5071
0.2165 1 3 12.0351
0.2181 1 2 40.5071
0.2181 1 3 12.0351
0.2197 1 2 40.5071
0.2197 1 3 12.0351
0.2213 1 2 40.5071
0.2213 1 3 12.0351
0.2229 1 2 40.5071
0.2229 1 3 12.0351
0.2245 1 2 40.5071
0.2245 1 3 12.0351
0.2261 1 2 40.5071
0.2261 1 3 12.0351
0.2277 1 2 40.5071
0.2277 1 3 12.0351
0.2293 1 2 40.5071
0.2293 1 3 12.0351
0.2309 1 2 40.5071
0.2309 1 3 12.0351
0.2325 1 2 40.5071
0.2325 1 3 12.0351
0.2341 1 2 40.5071
0.2341 1 3 12.0351
0.2357 1 2 40.5071
0.2357 1 3 12.0351
0.2373 1 2 40.5071
0.2373 1 3 12.0351
0.2389 1 2 40.5071
0.2389 1 3 12.0351
0.2405 1 2 40.5251
0.2405 1 3 12.11
0.2421 1 2 40.4185
0.2421 1 3 12.0634
0.2437 1 2 40.4369
0.2437 1 3 12.0638
0.2453 1 2 40.5432
0.2453 1 3 12.1281
0.2469 1 2 40.3613
0.2469 1 3 12.0571
0.2485 1 2 40.3937
0.2485 1 3 12.116
0.2501 1 2 40.2115
0.2501 1 3 12.1209
0.2517 1 2 40.1581
0.2517 1 3 12.1265
0.2533 1 2 40.132
0.2533 1 3 12.1445
0.2549 1 2 40.2419
0.2549 1 3 12.0899
0.2565 1 2 40.111
0.2565 1 3 12.1883
0.2581 1 2 40.1385
0.2581 1 3 12.2527
0.2597 1 2 40.1057
0.2597 1 3 12.4064
0.2613 1 2 39.9681
0.2613 1 3 12.6313
0.2629 1 2 39.8026
0.2629 1 3 12.6408
0.2645 1 2 39.8697
0.2645 1 3 12.5404
0.2661 1 2 39.8414
0.2661 1 3 12.511
0.2677 1 2 39.8844
0.2677 1 3 12.5199
0.2693 1 2 39.9248
0.2693 1 3 12.6028
0.2709 1 2 39.8266
0.2709 1 3 12.723
0.2725 1 2 39.9371
0.2725 1 3 12.6602
0.2741 1 2 39.8575
0.2741 1 3 12.6072
0.2757 1 2 39.6796
0.2757 1 3 12.589
0.2773 1 2 39.6577
0.2773 1 3 12.4104
0.2789 1 2 39.6499
0.2789 1 3 12.46
0.2805 1 2 39.6061
0.2805 1 3 12.5088
0.2821 1 2 39.5341
0.2821 1 3 12.565
0.2837 1 2 39.5204
0.2837 1 3 12.7924
0.2853 1 2 39.3743
0.2853 1 3 12.7714
0.2869 1 2 39.2536
0.2869 1 3 12.9232
0.2885 1 2 39.1723
0.2885 1 3 12.967
0.2901 1 2 39.1382
0.2901 1 3 12.9906
0.2917 1 2 39.0678
0.2917 1 3 13.0035
0.2933 1 2 39.1259
0.2933 1 3 12.9531
0.2949 1 2 39.069
0.2949 1 3 13.056
0.2965 1 2 38.9687
0.2965 1 3 13.0804
0.2981 1 2 39.1498
0.2981 1 3 13.1013
0.2997 1 2 39.0267
0.2997 1 3 13.0063
0.3013 1 2 39.2285
0.3013 1 3 12.848
0.3029 1 2 39.4744
0.3029 1 3 12.9483
0.3045 1 2 39.2811
0.3045 1 3 12.8891
0.3061 1 2 39.3119
0.3061 1 3 12.9325
0.3077 1 2 39.6102
0.3077 1 3 13.0606
0.3093 1 2 39.6241
0.3093 1 3 12.9626
0.3109 1 2 39.5269
0.3109 1 3 13.0517
0.3125 1 2 39.6529
0.3125 1 3 12.9477
0.3141 1 2 39.674
0.3141 1 3 12.9477
0.3157 1 2 39.7623
0.3157 1 3 12.9676
0.3173 1 2 39.8802
0.3173 1 3 13.239
0.3189 1 2 39.85
0.3189 1 3 13.1751
0.3205 1 2 39.8226
0.3205 1 3 13.1265
0.3221 1 2 40.0008
0.3221 1 3 13.1064
0.3237 1 2 40.0998
0.3237 1 3 13.0862
0.3253 1 2 40.1114
0.3253 1 3 13.199
0.3269 1 2 40.09
0.3269 1 3 13.0999
0.3285 1 2 40.1536
0.3285 1 3 13.0319
0.3301 1 2 40.1052
0.3301 1 3 13.0939
0.3317 1 2 40.2516
0.3317 1 3 13.1428
0.3333 1 2 40.3327
0.3333 1 3 13.1142
0.3349 1 2 40.2908
0.3349 1 3 12.8768
0.3365 1 2 40.3178
0.3365 1 3 12.8457
0.3381 1 2 40.337
0.3381 1 3 12.951
0.3397 1 2 40.2608
0.3397 1 3 12.895
0.3413 1 2 40.2925
0.3413 1 3 13.0537
0.3429 1 2 40.2116
0.3429 1 3 13.1887
0.3445 1 2 40.3523
0.3445 1 3 13.138
0.3461 1 2 40.3756
0.3461 1 3 13.0382
0.3477 1 2 40.4386
0.3477 1 3 13.0715
0.3493 1 2 40.3314
0.3493 1 3 13.1327
0.3509 1 2 40.4205
0.3509 1 3 13.1616
0.3525 1 2 40.5206
0.3525 1 3 13.1503
0.3541 1 2 40.3999
0.3541 1 3 13.2672
0.3557 1 2 40.425
0.3557 1 3 13.0515
0.3573 1 2 40.6018
0.3573 1 3 13.0841
0.3589 1 2 40.3618
0.3589 1 3 13.0087
0.3605 1 2 40.3933
0.3605 1 3 13.0663
0.3621 1 2 40.5724
0.3621 1 3 13.0312
0.3637 1 2 40.4871
0.3637 1 3 13.0278
0.3653 1 2 40.6648
0.3653 1 3 13.2736
0.3669 1 2 40.8443
0.3669 1 3 13.1245
0.3685 1 2 40.7533
0.3685 1 3 13.0688
0.3701 1 2 40.8081
0.3701 1 3 13.1219
0.3717 1 2 40.7556
0.3717 1 3 13.1773
0.3733 1 2 40.9025
0.3733 1 3 13.1329
0.3749 1 2 40.8591
0.3749 1 3 13.0188
0.3765 1 2 40.7659
0.3765 1 3 12.8483
0.3781 1 2 40.8139
0.3781 1 3 12.751
0.3797 1 2 40.6497
0.3797 1 3 12.7304
0.3813 1 2 40.5785
0.3813 1 3 12.7033
0.3829 1 2 40.6434
0.3829 1 3 12.5794
0.3845 1 2 40.5343
0.3845 1 3 12.5576
0.3861 1 2 40.5616
0.3861 1 3 12.306
0.3877 1 2 40.499
0.3877 1 3 12.3024
0.3893 1 2 40.4741
0.3893 1 3 12.2199
0.3909 1 2 40.5929
0.3909 1 3 12.2065
0.3925 1 2 40.6918
0.3925 1 3 12.3661
0.3941 1 2 40.623
0.3941 1 3 12.3109
0.3957 1 2 40.6517
0.3957 1 3 12.2199
0.3973 1 2 40.7031
0.3973 1 3 12.405
0.3989 1 2 40.6003
0.3989 1 3 12.5239
0.4005 1 2 40.5261
0.4005 1 3 12.7141
0.4021 1 2 37.2303
0.4021 1 3 15.0264
0.4037 1 2 37.063
0.4037 1 3 15.0229
0.4053 1 2 37.0461
0.4053 1 3 14.8165
0.4069 1 2 37.108
0.4069 1 3 14.7824
0.4085 1 2 37.0208
0.4085 1 3 14.7563
0.4101 1 2 36.9271
0.4101 1 3 14.7751
0.4117 1 2 36.9192
0.4117 1 3 14.7415
0.4133 1 2 36.8449
0.4133 1 3 14.678
0.4149 1 2 36.7966
0.4149 1 3 14.7293
0.4165 1 2 36.7176
0.4165 1 3 14.6762
0.4181 1 2 36.637
0.4181 1 3 14.6961
0.4197 1 2 36.4876
0.4197 1 3 14.6742
0.4213 1 2 36.3676
0.4213 1 3 14.6906
0.4229 1 2 36.1567
0.4229 1 3 14.759
0.4245 1 2 36.1179
0.4245 1 3 14.7874
0.4261 1 2 36.175
0.4261 1 3 14.7449
0.4277 1 2 36.0931
0.4277 1 3 14.7666
0.4293 1 2 36.2691
0.4293 1 3 14.7304
0.4309 1 2 36.1732
0.4309 1 3 14.7085
0.4325 1 2 36.1788
0.4325 1 3 14.7662
0.4341 1 2 36.0013
0.4341 1 3 14.7633
0.4357 1 2 36.133
0.4357 1 3 14.8003
0.4373 1 2 36.1003
0.4373 1 3 14.8234
0.4389 1 2 36.1175
0.4389 1 3 14.7385
0.4405 1 2 36.1004
0.4405 1 3 14.6521
0.4421 1 2 36.0446
0.4421 1 3 14.7033
0.4437 1 2 35.6597
0.4437 1 3 14.7032
0.4453 1 2 35.7245
0.4453 1 3 14.5684
0.4469 1 2 35.7571
0.4469 1 3 14.5774
0.4485 1 2 35.6315
0.4485 1 3 14.4342
0.4501 1 2 35.6003
0.4501 1 3 14.4153
0.4517 1 2 35.4756
0.4517 1 3 14.3863
0.4533 1 2 35.3062
0.4533 1 3 14.4035
0.4549 1 2 35.319
0.4549 1 3 14.3399
0.4565 1 2 35.4289
0.4565 1 3 14.4166
0.4581 1 2 35.3526
0.4581 1 3 14.4979
0.4597 1 2 35.3548
0.4597 1 3 14.56
0.4613 1 2 35.2864
0.4613 1 3 14.6639
0.4629 1 2 35.3125
0.4629 1 3 14.5657
0.4645 1 2 35.2981
0.4645 1 3 14.5612
0.4661 1 2 35.275
0.4661 1 3 14.5595
0.4677 1 2 35.1365
0.4677 1 3 14.5384
0.4693 1 2 35.0719
0.4693 1 3 14.6825
0.4709 1 2 35.1034
0.4709 1 3 14.7095
0.4725 1 2 35.1355
0.4725 1 3 14.7734
0.4741 1 2 35.2951
0.4741 1 3 14.6404
0.4757 1 2 35.3133
0.4757 1 3 14.5153
0.4773 1 2 35.4656
0.4773 1 3 14.4576
0.4789 1 2 35.4738
0.4789 1 3 14.4865
0.4805 1 2 35.1941
0.4805 1 3 14.3359
0.4821 1 2 35.2439
0.4821 1 3 14.32
0.4837 1 2 35.1306
0.4837 1 3 14.5034
0.4853 1 2 35.056
0.4853 1 3 14.288
0.4869 1 2 34.8907
0.4869 1 3 14.3657
0.4885 1 2 34.9109
0.4885 1 3 14.524
0.4901 1 2 34.947
0.4901 1 3 14.5413
0.4917 1 2 34.7669
0.4917 1 3 14.257
0.4933 1 2 34.7714
0.4933 1 3 14.0677
0.4949 1 2 34.7453
0.4949 1 3 14.0585
0.4965 1 2 34.7476
0.4965 1 3 13.8697
0.4981 1 2 34.5638
0.4981 1 3 13.8382
0.4997 1 2 34.309
0.4997 1 3 13.825
0.5013 1 2 34.8776
0.5013 1 3 13.684
0.5029 1 2 35.0383
0.5029 1 3 13.6847
0.5045 1 2 35.0122
0.5045 1 3 13.8033
0.5061 1 2 35.0152
0.5061 1 3 13.6888
0.5077 1 2 35.0086
0.5077 1 3 13.7457
0.5093 1 2 35.0714
0.5093 1 3 13.596
0.5109 1 2 35.0828
0.5109 1 3 13.4448
0.5125 1 2 34.9915
0.5125 1 3 13.4225
0.5141 1 2 35.0479
0.5141 1 3 13.3511
0.5157 1 2 34.8591
0.5157 1 3 13.4635
0.5173 1 2 34.691
0.5173 1 3 13.5413
0.5189 1 2 34.8796
0.5189 1 3 13.4743
0.5205 1 2 34.7649
0.5205 1 3 13.4918
0.5221 1 2 34.7387
0.5221 1 3 13.3321
0.5237 1 2 34.6847
0.5237 1 3 13.2932
0.5253 1 2 34.746
0.5253 1 3 13.079
0.5269 1 2 34.8239
0.5269 1 3 13.0861
0.5285 1 2 34.8417
0.5285 1 3 13.1341
0.5301 1 2 34.8199
0.5301 1 3 13.0236
0.5317 1 2 34.9476
0.5317 1 3 12.9921
0.5333 1 2 34.8784
0.5333 1 3 13.0738
0.5349 1 2 34.775
0.5349 1 3 13.1837
0.5365 1 2 34.7296
0.5365 1 3 13.1257
0.5381 1 2 34.6731
0.5381 1 3 13.083
0.5397 1 2 34.609
0.5397 1 3 13.0504
0.5413 1 2 34.3079
0.5413 1 3 13.1952
0.5429 1 2 34.3118
0.5429 1 3 13.326
0.5445 1 2 34.2007
0.5445 1 3 13.3675
0.5461 1 2 34.0945
0.5461 1 3 13.24
0.5477 1 2 33.9471
0.5477 1 3 12.9842
0.5493 1 2 34.0532
0.5493 1 3 13.0277
0.5509 1 2 34.1035
0.5509 1 3 13.1225
0.5525 1 2 34.0198
0.5525 1 3 13.1517
0.5541 1 2 33.984
0.5541 1 3 13.1965
0.5557 1 2 33.8552
0.5557 1 3 13.1852
0.5573 1 2 33.9747
0.5573 1 3 13.4364
0.5589 1 2 34.1091
0.5589 1 3 13.3109
0.5605 1 2 34.266
0.5605 1 3 13.3482
0.5621 1 2 34.2514
0.5621 1 3 13.3607
0.5637 1 2 34.1829
0.5637 1 3 13.5118
0.5653 1 2 34.1823
0.5653 1 3 13.3831
0.5669 1 2 34.2135
0.5669 1 3 13.4552
0.5685 1 2 34.1862
0.5685 1 3 13.647
0.5701 1 2 34.1151
0.5701 1 3 13.5758
0.5717 1 2 34.1167
0.5717 1 3 13.4909
0.5733 1 2 34.1532
0.5733 1 3 13.5629
0.5749 1 2 33.9536
0.5749 1 3 13.7554
0.5765 1 2 34.0208
0.5765 1 3 13.7276
0.5781 1 2 33.9622
0.5781 1 3 13.6158
0.5797 1 2 33.9814
0.5797 1 3 13.6456
0.5813 1 2 34.0866
0.5813 1 3 13.5836
0.5829 1 2 34.033
0.5829 1 3 13.5783
0.5845 1 2 34.0582
0.5845 1 3 13.5763
0.5861 1 2 34.0475
0.5861 1 3 13.6955
0.5877 1 2 34.067
0.5877 1 3 13.9352
0.5893 1 2 34.0057
0.5893 1 3 13.9846
0.5909 1 2 33.901
0.5909 1 3 13.8945
0.5925 1 2 33.7897
0.5925 1 3 13.8946
0.5941 1 2 33.8126
0.5941 1 3 13.9544
0.5957 1 2 33.7934
0.5957 1 3 13.926
0.5973 1 2 33.9654
0.5973 1 3 13.8699
0.5989 1 2 34.0584
0.5989 1 3 13.7415
0.6005 1 2 34.0802
0.6005 1 3 13.575
0.6021 1 2 34.652
0.6021 1 3 13.7506
0.6037 1 2 34.5559
0.6037 1 3 13.8327
0.6053 1 2 34.571
0.6053 1 3 13.7131
0.6069 1 2 34.3446
0.6069 1 3 13.7156
0.6085 1 2 34.378
0.6085 1 3 13.6769
0.6101 1 2 34.3719
0.6101 1 3 13.7786
0.6117 1 2 34.3439
0.6117 1 3 13.876
0.6133 1 2 34.5156
0.6133 1 3 13.7841
0.6149 1 2 34.6001
0.6149 1 3 14.0108
0.6165 1 2 34.6263
0.6165 1 3 14.0651
0.6181 1 2 34.5842
0.6181 1 3 13.9906
0.6197 1 2 34.4146
0.6197 1 3 13.916
0.6213 1 2 34.5389
0.6213 1 3 14.0754
0.6229 1 2 34.4433
0.6229 1 3 14.1142
0.6245 1 2 34.3207
0.6245 1 3 14.0335
0.6261 1 2 34.6683
0.6261 1 3 13.9395
0.6277 1 2 34.4872
0.6277 1 3 13.9866
0.6293 1 2 34.3992
0.6293 1 3 14.0092
0.6309 1 2 34.5731
0.6309 1 3 14.2618
0.6325 1 2 34.39
0.6325 1 3 14.3967
0.6341 1 2 34.3915
0.6341 1 3 14.4786
0.6357 1 2 34.282
0.6357 1 3 14.52
0.6373 1 2 34.3719
0.6373 1 3 14.643
0.6389 1 2 34.4093
0.6389 1 3 14.4739
0.6405 1 2 34.4559
0.6405 1 3 14.576
0.6421 1 2 34.4714
0.6421 1 3 14.8183
0.6437 1 2 34.1694
0.6437 1 3 14.7934
0.6453 1 2 34.2701
0.6453 1 3 14.9599
0.6469 1 2 34.1727
0.6469 1 3 15.0335
0.6485 1 2 34.172
0.6485 1 3 15.1731
0.6501 1 2 34.192
0.6501 1 3 15.0904
0.6517 1 2 34.1923
0.6517 1 3 15.2039
0.6533 1 2 34.1692
0.6533 1 3 15.017
0.6549 1 2 34.2581
0.6549 1 3 14.824
0.6565 1 2 34.4696
0.6565 1 3 14.7517
0.6581 1 2 34.5443
0.6581 1 3 14.4736
0.6597 1 2 34.5147
0.6597 1 3 14.3417
0.6613 1 2 34.5676
0.6613 1 3 14.2485
0.6629 1 2 34.8101
0.6629 1 3 14.2713
0.6645 1 2 34.6126
0.6645 1 3 14.3891
0.6661 1 2 34.7259
0.6661 1 3 14.5257
0.6677 1 2 34.4726
0.6677 1 3 14.5902
0.6693 1 2 34.5232
0.6693 1 3 14.4761
0.6709 1 2 34.5655
0.6709 1 3 14.5625
0.6725 1 2 34.6002
0.6725 1 3 14.6023
0.6741 1 2 34.6373
0.6741 1 3 14.4244
0.6757 1 2 34.6817
0.6757 1 3 14.2222
0.6773 1 2 34.5304
0.6773 1 3 14.2953
0.6789 1 2 34.5201
0.6789 1 3 14.1641
0.6805 1 2 34.5124
0.6805 1 3 14.0905
0.6821 1 2 34.4765
0.6821 1 3 14.1968
0.6837 1 2 34.2992
0.6837 1 3 13.9386
0.6853 1 2 34.4419
0.6853 1 3 14.0606
0.6869 1 2 34.2748
0.6869 1 3 14.0469
0.6885 1 2 34.1745
0.6885 1 3 14.0984
0.6901 1 2 34.436
0.6901 1 3 14.1392
0.6917 1 2 34.2781
0.6917 1 3 14.0505
0.6933 1 2 34.1554
0.6933 1 3 13.9352
0.6949 1 2 34.1522
0.6949 1 3 13.8138
0.6965 1 2 34.0164
0.6965 1 3 13.8449
0.6981 1 2 33.9475
0.6981 1 3 13.6919
0.6997 1 2 34.0598
0.6997 1 3 13.5864
0.7013 1 2 33.398
0.7013 1 3 12.7455
0.7029 1 2 33.3776
0.7029 1 3 12.6214
0.7045 1 2 33.4062
0.7045 1 3 12.6262
0.7061 1 2 33.2639
0.7061 1 3 12.796
0.7077 1 2 33.287
0.7077 1 3 12.8237
0.7093 1 2 33.251
0.7093 1 3 12.8468
0.7109 1 2 33.2277
0.7109 1 3 12.7481
0.7125 1 2 33.2139
0.7125 1 3 12.7464
0.7141 1 2 33.2274
0.7141 1 3 12.6185
0.7157 1 2 33.3418
0.7157 1 3 12.6952
0.7173 1 2 33.3802
0.7173 1 3 12.6934
0.7189 1 2 33.4688
0.7189 1 3 12.7973
0.7205 1 2 33.2987
0.7205 1 3 12.9056
0.7221 1 2 33.1115
0.7221 1 3 13.064
0.7237 1 2 33.3787
0.7237 1 3 13.307
0.7253 1 2 33.2335
0.7253 1 3 13.3137
0.7269 1 2 33.2978
0.7269 1 3 13.4042
0.7285 1 2 33.3617
0.7285 1 3 13.4235
0.7301 1 2 33.33
0.7301 1 3 13.4905
0.7317 1 2 33.347
0.7317 1 3 13.5828
0.7333 1 2 33.4768
0.7333 1 3 13.4948
0.7349 1 2 33.3954
0.7349 1 3 13.4691
0.7365 1 2 33.4269
0.7365 1 3 13.3289
0.7381 1 2 33.3973
0.7381 1 3 13.1361
0.7397 1 2 33.7218
0.7397 1 3 13.0899
0.7413 1 2 33.654
0.7413 1 3 12.9434
0.7429 1 2 33.5981
0.7429 1 3 12.9812
0.7445 1 2 33.6587
0.7445 1 3 12.9129
0.7461 1 2 33.4091
0.7461 1 3 12.7877
0.7477 1 2 33.4679
0.7477 1 3 12.9562
0.7493 1 2 33.4775
0.7493 1 3 12.9605
0.7509 1 2 33.4129
0.7509 1 3 12.9496
0.7525 1 2 33.5007
0.7525 1 3 13.0554
0.7541 1 2 33.4486
0.7541 1 3 13.2547
0.7557 1 2 33.5413
0.7557 1 3 13.2956
0.7573 1 2 33.5023
0.7573 1 3 13.2954
0.7589 1 2 33.2956
0.7589 1 3 13.4044
0.7605 1 2 33.4303
0.7605 1 3 13.3655
0.7621 1 2 33.5129
0.7621 1 3 13.4172
0.7637 1 2 33.753
0.7637 1 3 13.2845
0.7653 1 2 33.796
0.7653 1 3 13.3974
0.7669 1 2 33.7409
0.7669 1 3 13.3069
0.7685 1 2 33.9158
0.7685 1 3 13.3953
0.7701 1 2 33.7147
0.7701 1 3 13.491
0.7717 1 2 33.8701
0.7717 1 3 13.4254
0.7733 1 2 33.9776
0.7733 1 3 13.4738
0.7749 1 2 33.8499
0.7749 1 3 13.6693
0.7765 1 2 33.5857
0.7765 1 3 13.695
0.7781 1 2 33.5002
0.7781 1 3 13.7209
0.7797 1 2 33.5888
0.7797 1 3 13.7133
0.7813 1 2 33.6171
0.7813 1 3 13.6858
0.7829 1 2 33.6348
0.7829 1 3 13.6427
0.7845 1 2 33.6867
0.7845 1 3 13.7732
0.7861 1 2 33.2782
0.7861 1 3 13.8511
0.7877 1 2 33.3735
0.7877 1 3 13.7003
0.7893 1 2 33.4556
0.7893 1 3 13.6608
0.7909 1 2 33.3381
0.7909 1 3 13.7884
0.7925 1 2 33.481
0.7925 1 3 13.7901
0.7941 1 2 33.3325
0.7941 1 3 13.7804
0.7957 1 2 33.3754
0.7957 1 3 13.7026
0.7973 1 2 33.2405
0.7973 1 3 13.7254
0.7989 1 2 33.2134
0.7989 1 3 13.539
0.8005 1 2 33.0578
0.8005 1 3 13.5782
0.8021 1 2 33.5234
0.8021 1 3 10.2222
0.8037 1 2 33.7002
0.8037 1 3 10.3129
0.8053 1 2 33.624
0.8053 1 3 10.3115
0.8069 1 2 33.7118
0.8069 1 3 10.1389
0.8085 1 2 33.6952
0.8085 1 3 10.2385
0.8101 1 2 33.7906
0.8101 1 3 10.1123
0.8117 1 2 33.8183
0.8117 1 3 10.0413
0.8133 1 2 33.8492
0.8133 1 3 9.93024
0.8149 1 2 33.8488
0.8149 1 3 10.1136
0.8165 1 2 33.6312
0.8165 1 3 9.96085
0.8181 1 2 33.8781
0.8181 1 3 9.81025
0.8197 1 2 33.7982
0.8197 1 3 9.84339
0.8213 1 2 33.8878
0.8213 1 3 9.65868
0.8229 1 2 34.0912
0.8229 1 3 9.62742
0.8245 1 2 34.0263
0.8245 1 3 9.4386
0.8261 1 2 34.0584
0.8261 1 3 9.64322
0.8277 1 2 34.3403
0.8277 1 3 9.86587
0.8293 1 2 34.3195
0.8293 1 3 9.78678
0.8309 1 2 34.21
0.8309 1 3 9.63912
0.8325 1 2 34.448
0.8325 1 3 9.64194
0.8341 1 2 34.4309
0.8341 1 3 9.51417
0.8357 1 2 34.256
0.8357 1 3 9.58383
0.8373 1 2 34.1857
0.8373 1 3 9.78078
0.8389 1 2 34.2344
0.8389 1 3 9.79091
0.8405 1 2 34.2677
0.8405 1 3 9.74609
0.8421 1 2 34.5362
0.8421 1 3 9.65001
0.8437 1 2 34.308
0.8437 1 3 9.82825
0.8453 1 2 34.3525
0.8453 1 3 9.8491
0.8469 1 2 34.5822
0.8469 1 3 9.95124
0.8485 1 2 34.7301
0.8485 1 3 9.89257
0.8501 1 2 34.8943
0.8501 1 3 9.75363
0.8517 1 2 35.18
0.8517 1 3 9.67512
0.8533 1 2 35.1407
0.8533 1 3 9.80535
0.8549 1 2 35.0103
0.8549 1 3 9.84525
0.8565 1 2 35.0405
0.8565 1 3 10.0304
0.8581 1 2 35.0564
0.8581 1 3 10.0142
0.8597 1 2 35.0824
0.8597 1 3 10.097
0.8613 1 2 34.984
0.8613 1 3 10.0924
0.8629 1 2 34.9567
0.8629 1 3 10.105
0.8645 1 2 34.9548
0.8645 1 3 10.0103
0.8661 1 2 35.0529
0.8661 1 3 10.1586
0.8677 1 2 35.1822
0.8677 1 3 10.1687
0.8693 1 2 35.0734
0.8693 1 3 9.99347
0.8709 1 2 35.0708
0.8709 1 3 10.0043
0.8725 1 2 35.1371
0.8725 1 3 9.96704
0.8741 1 2 35.0022
0.8741 1 3 9.91651
0.8757 1 2 35.0232
0.8757 1 3 9.84677
0.8773 1 2 34.9211
0.8773 1 3 9.79638
0.8789 1 2 34.8597
0.8789 1 3 10.1185
0.8805 1 2 34.9977
0.8805 1 3 10.0367
0.8821 1 2 35.1303
0.8821 1 3 10.0065
0.8837 1 2 35.0228
0.8837 1 3 10.0837
0.8853 1 2 35.1698
0.8853 1 3 10.129
0.8869 1 2 35.4148
0.8869 1 3 10.2286
0.8885 1 2 35.5001
0.8885 1 3 10.3698
0.8901 1 2 35.436
0.8901 1 3 10.3304
0.8917 1 2 35.416
0.8917 1 3 10.3282
0.8933 1 2 35.2838
0.8933 1 3 10.4475
0.8949 1 2 35.3279
0.8949 1 3 10.4288
0.8965 1 2 35.3863
0.8965 1 3 10.545
0.8981 1 2 35.3405
0.8981 1 3 10.7242
0.8997 1 2 35.4082
0.8997 1 3 10.7429
0.9013 1 2 37.6371
0.9013 1 3 10.2793
0.9029 1 2 37.8452
0.9029 1 3 10.3144
0.9045 1 2 37.7205
0.9045 1 3 10.3141
0.9061 1 2 37.795
0.9061 1 3 10.2076
0.9077 1 2 37.9055
0.9077 1 3 10.1208
0.9093 1 2 37.6639
0.9093 1 3 10.1463
0.9109 1 2 37.7367
0.9109 1 3 10.1892
0.9125 1 2 37.8701
0.9125 1 3 10.0981
0.9141 1 2 37.6025
0.9141 1 3 10.0641
0.9157 1 2 37.6239
0.9157 1 3 10.1481
0.9173 1 2 37.6648
0.9173 1 3 10.1734
0.9189 1 2 37.4667
0.9189 1 3 10.0216
0.9205 1 2 37.5003
0.9205 1 3 9.87712
0.9221 1 2 37.7117
0.9221 1 3 9.94266
0.9237 1 2 37.6623
0.9237 1 3 9.87055
0.9253 1 2 37.5765
0.9253 1 3 10.0805
0.9269 1 2 37.848
0.9269 1 3 10.1532
0.9285 1 2 37.7824
0.9285 1 3 10.0248
0.9301 1 2 37.7119
0.9301 1 3 10.1269
0.9317 1 2 38.0379
0.9317 1 3 9.96422
0.9333 1 2 37.7568
0.9333 1 3 9.83844
0.9349 1 2 37.6473
0.9349 1 3 9.74338
0.9365 1 2 37.9821
0.9365 1 3 9.57753
0.9381 1 2 37.7795
0.9381 1 3 9.65141
0.9397 1 2 37.6228
0.9397 1 3 9.53845
0.9413 1 2 37.9678
0.9413 1 3 9.41137
0.9429 1 2 37.9594
0.9429 1 3 9.55409
0.9445 1 2 37.7726
0.9445 1 3 9.52446
0.9461 1 2 37.8223
0.9461 1 3 9.55539
0.9477 1 2 37.9837
0.9477 1 3 9.64933
0.9493 1 2 37.9883
0.9493 1 3 9.92728
0.9509 1 2 38.2439
0.9509 1 3 9.81557
0.9525 1 2 38.2076
0.9525 1 3 9.80519
0.9541 1 2 37.8296
0.9541 1 3 9.77075
0.9557 1 2 37.9278
0.9557 1 3 9.83161
0.9573 1 2 37.989
0.9573 1 3 9.89969
0.9589 1 2 37.8355
0.9589 1 3 9.99229
0.9605 1 2 38.0134
0.9605 1 3 10.0979
0.9621 1 2 38.0674
0.9621 1 3 9.98739
0.9637 1 2 37.9427
0.9637 1 3 9.86416
0.9653 1 2 38.1676
0.9653 1 3 9.85991
0.9669 1 2 38.2557
0.9669 1 3 9.87302
0.9685 1 2 38.2102
0.9685 1 3 9.73292
0.9701 1 2 38.3675
0.9701 1 3 9.80819
0.9717 1 2 38.6182
0.9717 1 3 9.83077
0.9733 1 2 38.28
0.9733 1 3 9.82247
0.9749 1 2 38.3076
0.9749 1 3 9.66319
0.9765 1 2 38.565
0.9765 1 3 9.76646
0.9781 1 2 38.3284
0.9781 1 3 9.72989
0.9797 1 2 38.3757
0.9797 1 3 9.68516
0.9813 1 2 38.4199
0.9813 1 3 9.47626
0.9829 1 2 38.1313
0.9829 1 3 9.5806
0.9845 1 2 38.2629
0.9845 1 3 9.53717
0.9861 1 2 38.3373
0.9861 1 3 9.37505
0.9877 1 2 38.2234
0.9877 1 3 9.33629
0.9893 1 2 38.1987
0.9893 1 3 9.31514
0.9909 1 2 38.5175
0.9909 1 3 9.37224
0.9925 1 2 38.3729
0.9925 1 3 9.34656
0.9941 1 2 38.3567
0.9941 1 3 9.39208
0.9957 1 2 38.4267
0.9957 1 3 9.46659
0.9973 1 2 38.1812
0.9973 1 3 9.61367
0.9989 1 2 37.9233
0.9989 1 3 9.68366
1.0005 1 2 38.1444
1.0005 1 3 9.75368
1.0021 1 2 35.4484
1.0021 1 3 9.11742
1.0037 1 2 35.3068
1.0037 1 3 9.1121
1.0053 1 2 34.9731
1.0053 1 3 9.05217
1.0069 1 2 35.3779
1.0069 1 3 8.95966
1.0085 1 2 34.7054
1.0085 1 3 8.84609
1.0101 1 2 35.0167
1.0101 1 3 8.75404
1.0117 1 2 34.9828
1.0117 1 3 8.59129
1.0133 1 2 34.7127
1.0133 1 3 8.50121
1.0149 1 2 35.2489
1.0149 1 3 8.44028
1.0165 1 2 34.7498
1.0165 1 3 8.45783
1.0181 1 2 35.0243
1.0181 1 3 8.4556
1.0197 1 2 35.2286
1.0197 1 3 8.42741
1.0213 1 2 34.7362
1.0213 1 3 8.39251
1.0229 1 2 35.1824
1.0229 1 3 8.46123
1.0245 1 2 34.5041
1.0245 1 3 8.62156
1.0261 1 2 34.799
1.0261 1 3 8.6164
1.0277 1 2 34.5825
1.0277 1 3 8.64483
1.0293 1 2 34.2918
1.0293 1 3 8.76808
1.0309 1 2 34.6924
1.0309 1 3 8.74712
1.0325 1 2 33.9245
1.0325 1 3 8.81657
1.0341 1 2 34.3916
1.0341 1 3 8.98944
1.0357 1 2 34.2611
1.0357 1 3 8.95157
1.0373 1 2 33.9707
1.0373 1 3 8.91073
1.0389 1 2 34.6437
1.0389 1 3 8.86703
1.0405 1 2 34.0676
1.0405 1 3 8.93195
1.0421 1 2 34.3105
1.0421 1 3 8.89294
1.0437 1 2 34.2814
1.0437 1 3 8.8665
1.0453 1 2 33.894
1.0453 1 3 8.68246
1.0469 1 2 34.426
1.0469 1 3 8.67999
1.0485 1 2 33.9357
1.0485 1 3 8.64353
1.0501 1 2 34.1692
1.0501 1 3 8.49431
1.0517 1 2 34.3449
1.0517 1 3 8.44024
1.0533 1 2 33.9141
1.0533 1 3 8.3567
1.0549 1 2 34.4007
1.0549 1 3 8.39342
1.0565 1 2 33.6354
1.0565 1 3 8.47063
1.0581 1 2 34.0425
1.0581 1 3 8.33372
1.0597 1 2 34.0434
1.0597 1 3 8.39184
1.0613 1 2 33.6784
1.0613 1 3 8.33739
1.0629 1 2 34.3115
1.0629 1 3 8.17003
1.0645 1 2 33.724
1.0645 1 3 8.02859
1.0661 1 2 33.8004
1.0661 1 3 7.91284
1.0677 1 2 33.9636
1.0677 1 3 7.98244
1.0693 1 2 33.7047
1.0693 1 3 7.9557
1.0709 1 2 34.309
1.0709 1 3 7.86737
1.0725 1 2 33.9336
1.0725 1 3 7.90968
1.0741 1 2 34.3196
1.0741 1 3 7.80258
1.0757 1 2 34.1987
1.0757 1 3 7.86438
1.0773 1 2 33.7924
1.0773 1 3 7.85574
1.0789 1 2 34.5398
1.0789 1 3 7.89245
1.0805 1 2 34.1084
1.0805 1 3 7.75238
1.0821 1 2 34.4041
1.0821 1 3 7.68022
1.0837 1 2 34.5361
1.0837 1 3 7.59321
1.0853 1 2 34.1639
1.0853 1 3 7.54515
1.0869 1 2 34.8377
1.0869 1 3 7.47008
1.0885 1 2 34.5894
1.0885 1 3 7.41376
1.0901 1 2 34.85
1.0901 1 3 7.34919
1.0917 1 2 34.817
1.0917 1 3 7.47717
1.0933 1 2 34.759
1.0933 1 3 7.39287
1.0949 1 2 35.1473
1.0949 1 3 7.52802
1.0965 1 2 34.6521
1.0965 1 3 7.64031
1.0981 1 2 35.0807
1.0981 1 3 7.8156
1.0997 1 2 35.0931
1.0997 1 3 7.89293
1.1013 1 2 33.9939
1.1013 1 3 7.62592
1.1029 1 2 34.2154
1.1029 1 3 7.61199
1.1045 1 2 34.5399
1.1045 1 3 7.69078
1.1061 1 2 34.2451
1.1061 1 3 7.93684
1.1077 1 2 34.5003
1.1077 1 3 8.07356
1.1093 1 2 34.5448
1.1093 1 3 7.93766
1.1109 1 2 34.4623
1.1109 1 3 7.82734
1.1125 1 2 34.5616
1.1125 1 3 7.81963
1.1141 1 2 34.3762
1.1141 1 3 7.58513
1.1157 1 2 34.5433
1.1157 1 3 7.51821
1.1173 1 2 34.3822
1.1173 1 3 7.50214
1.1189 1 2 34.3044
1.1189 1 3 7.53914
1.1205 1 2 34.4463
1.1205 1 3 7.50716
1.1221 1 2 34.1256
1.1221 1 3 7.38939
1.1237 1 2 34.5036
1.1237 1 3 7.26647
1.1253 1 2 34.3598
1.1253 1 3 7.13764
1.1269 1 2 34.2258
1.1269 1 3 7.13234
1.1285 1 2 34.4227
1.1285 1 3 7.31326
1.1301 1 2 34.0684
1.1301 1 3 7.31148
1.1317 1 2 34.3674
1.1317 1 3 7.27726
1.1333 1 2 34.4299
1.1333 1 3 7.20128
1.1349 1 2 34.2105
1.1349 1 3 7.37183
1.1365 1 2 34.5284
1.1365 1 3 7.49555
1.1381 1 2 34.4213
1.1381 1 3 7.38169
1.1397 1 2 34.5205
1.1397 1 3 7.33067
1.1413 1 2 34.2679
1.1413 1 3 7.53018
1.1429 1 2 34.4124
1.1429 1 3 7.38983
1.1445 1 2 34.5483
1.1445 1 3 7.05824
1.1461 1 2 34.2072
1.1461 1 3 7.17912
1.1477 1 2 34.5476
1.1477 1 3 7.07966
1.1493 1 2 34.3403
1.1493 1 3 6.98788
1.1509 1 2 34.3011
1.1509 1 3 7.11003
1.1525 1 2 34.5746
1.1525 1 3 7.10828
1.1541 1 2 34.3037
1.1541 1 3 7.15939
1.1557 1 2 34.5883
1.1557 1 3 7.34282
1.1573 1 2 34.5383
1.1573 1 3 7.34169
1.1589 1 2 34.3563
1.1589 1 3 7.34246
1.1605 1 2 34.3175
1.1605 1 3 7.33135
1.1621 1 2 34.1381
1.1621 1 3 7.37911
1.1637 1 2 34.3971
1.1637 1 3 7.39561
1.1653 1 2 34.1657
1.1653 1 3 7.54668
1.1669 1 2 34.144
1.1669 1 3 7.71067
1.1685 1 2 34.2372
1.1685 1 3 7.90276
1.1701 1 2 33.9014
1.1701 1 3 7.81426
1.1717 1 2 34.3261
1.1717 1 3 7.92575
1.1733 1 2 34.2178
1.1733 1 3 8.01052
1.1749 1 2 33.9897
1.1749 1 3 8.09485
1.1765 1 2 34.2806
1.1765 1 3 8.03432
1.1781 1 2 34.0898
1.1781 1 3 8.15319
1.1797 1 2 34.2402
1.1797 1 3 8.1573
1.1813 1 2 34.1211
1.1813 1 3 8.11377
1.1829 1 2 33.9836
1.1829 1 3 8.15932
1.1845 1 2 34.2087
1.1845 1 3 8.10457
1.1861 1 2 34.02
1.1861 1 3 7.91187
1.1877 1 2 34.2144
1.1877 1 3 7.80932
1.1893 1 2 33.8316
1.1893 1 3 7.87261
1.1909 1 2 33.8639
1.1909 1 3 7.82063
1.1925 1 2 34.0492
1.1925 1 3 7.66128
1.1941 1 2 33.7866
1.1941 1 3 7.53003
1.1957 1 2 34.0658
1.1957 1 3 7.65722
1.1973 1 2 33.9871
1.1973 1 3 7.715
1.1989 1 2 33.7293
1.1989 1 3 7.76158
1.2005 1 2 34.056
1.2005 1 3 7.85548
1.2021 1 2 35.0812
1.2021 1 3 12.4316
1.2037 1 2 35.13
1.2037 1 3 12.4308
1.2053 1 2 34.8128
1.2053 1 3 12.5203
1.2069 1 2 35.0364
1.2069 1 3 12.5207
1.2085 1 2 35.305
1.2085 1 3 12.5638
1.2101 1 2 34.8732
1.2101 1 3 12.8826
1.2117 1 2 34.9875
1.2117 1 3 13.1371
1.2133 1 2 35.0614
1.2133 1 3 13.1102
1.2149 1 2 34.9121
1.2149 1 3 13.2044
1.2165 1 2 35.0948
1.2165 1 3 13.2395
1.2181 1 2 35.0663
1.2181 1 3 13.0778
1.2197 1 2 35.0425
1.2197 1 3 13.2443
1.2213 1 2 35.1213
1.2213 1 3 13.1705
1.2229 1 2 35.2078
1.2229 1 3 13.2136
1.2245 1 2 35.1392
1.2245 1 3 13.0921
1.2261 1 2 35.2138
1.2261 1 3 13.0433
1.2277 1 2 35.7082
1.2277 1 3 12.9477
1.2293 1 2 35.6016
1.2293 1 3 13.0374
1.2309 1 2 35.5996
1.2309 1 3 12.9261
1.2325 1 2 35.831
1.2325 1 3 12.8589
1.2341 1 2 35.6818
1.2341 1 3 12.8721
1.2357 1 2 35.7355
1.2357 1 3 12.9374
1.2373 1 2 35.8439
1.2373 1 3 12.8992
1.2389 1 2 35.5846
1.2389 1 3 12.8998
1.2405 1 2 35.7136
1.2405 1 3 13.1127
1.2421 1 2 35.9567
1.2421 1 3 13.1672
1.2437 1 2 35.9126
1.2437 1 3 13.1025
1.2453 1 2 35.8615
1.2453 1 3 13.2631
1.2469 1 2 35.923
1.2469 1 3 13.4486
1.2485 1 2 35.9491
1.2485 1 3 13.5922
1.2501 1 2 35.7433
1.2501 1 3 13.7761
1.2517 1 2 35.9951
1.2517 1 3 13.7916
1.2533 1 2 35.7871
1.2533 1 3 13.6902
1.2549 1 2 35.6029
1.2549 1 3 13.6536
1.2565 1 2 35.8086
1.2565 1 3 13.7447
1.2581 1 2 35.599
1.2581 1 3 13.7129
1.2597 1 2 35.2963
1.2597 1 3 13.7528
1.2613 1 2 35.4113
1.2613 1 3 13.7604
1.2629 1 2 35.4087
1.2629 1 3 13.8354
1.2645 1 2 35.2108
1.2645 1 3 13.6369
1.2661 1 2 35.042
1.2661 1 3 13.603
1.2677 1 2 35.0482
1.2677 1 3 13.4293
1.2693 1 2 35.0034
1.2693 1 3 13.447
1.2709 1 2 34.9769
1.2709 1 3 13.576
1.2725 1 2 34.9285
1.2725 1 3 13.5452
1.2741 1 2 34.7331
1.2741 1 3 13.4488
1.2757 1 2 34.8781
1.2757 1 3 13.4493
1.2773 1 2 34.8409
1.2773 1 3 13.586
1.2789 1 2 34.5019
1.2789 1 3 13.6054
1.2805 1 2 34.7064
1.2805 1 3 13.65
1.2821 1 2 34.7649
1.2821 1 3 13.7794
1.2837 1 2 34.6801
1.2837 1 3 13.9028
1.2853 1 2 34.7853
1.2853 1 3 13.8933
1.2869 1 2 34.7588
1.2869 1 3 13.7491
1.2885 1 2 34.6828
1.2885 1 3 13.832
1.2901 1 2 34.8261
1.2901 1 3 13.9658
1.2917 1 2 34.9195
1.2917 1 3 13.8911
1.2933 1 2 34.6452
1.2933 1 3 13.8113
1.2949 1 2 34.798
1.2949 1 3 13.7759
1.2965 1 2 34.7715
1.2965 1 3 13.8078
1.2981 1 2 34.5895
1.2981 1 3 13.7768
1.2997 1 2 34.6954
1.2997 1 3 13.6934
1.3013 1 2 34.5041
1.3013 1 3 11.1224
1.3029 1 2 34.3809
1.3029 1 3 11.0351
1.3045 1 2 34.4071
1.3045 1 3 10.9301
1.3061 1 2 34.7457
1.3061 1 3 10.904
1.3077 1 2 34.2641
1.3077 1 3 10.9426
1.3093 1 2 34.111
1.3093 1 3 11.0458
1.3109 1 2 34.3236
1.3109 1 3 11.0384
1.3125 1 2 34.1282
1.3125 1 3 11.1387
1.3141 1 2 33.9637
1.3141 1 3 11.1783
1.3157 1 2 34.4396
1.3157 1 3 11.4652
1.3173 1 2 34.1381
1.3173 1 3 11.4376
1.3189 1 2 34.1443
1.3189 1 3 11.6371
1.3205 1 2 34.4342
1.3205 1 3 11.8323
1.3221 1 2 34.3453
1.3221 1 3 11.818
1.3237 1 2 33.9962
1.3237 1 3 11.7743
1.3253 1 2 34.3217
1.3253 1 3 11.8027
1.3269 1 2 34.1248
1.3269 1 3 11.6654
1.3285 1 2 33.8996
1.3285 1 3 11.8572
1.3301 1 2 34.1091
1.3301 1 3 11.7826
1.3317 1 2 33.9696
1.3317 1 3 11.759
1.3333 1 2 33.7519
1.3333 1 3 11.6716
1.3349 1 2 34.0577
1.3349 1 3 11.5532
1.3365 1 2 33.7463
1.3365 1 3 11.6763
1.3381 1 2 33.5408
1.3381 1 3 11.7036
1.3397 1 2 33.7323
1.3397 1 3 11.5639
1.3413 1 2 33.6163
1.3413 1 3 11.467
1.3429 1 2 33.344
1.3429 1 3 11.3507
1.3445 1 2 33.5784
1.3445 1 3 11.4155
1.3461 1 2 33.5797
1.3461 1 3 11.5733
1.3477 1 2 33.1679
1.3477 1 3 11.5847
1.3493 1 2 33.5826
1.3493 1 3 11.7247
1.3509 1 2 33.6115
1.3509 1 3 11.6904
1.3525 1 2 33.297
1.3525 1 3 11.7554
1.3541 1 2 33.672
1.3541 1 3 11.9098
1.3557 1 2 33.6271
1.3557 1 3 11.9189
1.3573 1 2 33.0762
1.3573 1 3 11.9759
1.3589 1 2 33.3145
1.3589 1 3 12.0629
1.3605 1 2 33.4282
1.3605 1 3 12.0962
1.3621 1 2 33.1202
1.3621 1 3 11.8484
1.3637 1 2 33.2119
1.3637 1 3 11.9168
1.3653 1 2 33.2922
1.3653 1 3 11.8809
1.3669 1 2 33.0086
1.3669 1 3 11.6612
1.3685 1 2 33.2708
1.3685 1 3 11.5666
1.3701 1 2 33.362
1.3701 1 3 11.5128
1.3717 1 2 32.8211
1.3717 1 3 11.5096
1.3733 1 2 32.9098
1.3733 1 3 11.5157
1.3749 1 2 32.9906
1.3749 1 3 11.6039
1.3765 1 2 32.5422
1.3765 1 3 11.5134
1.3781 1 2 32.646
1.3781 1 3 11.4466
1.3797 1 2 33.0512
1.3797 1 3 11.4234
1.3813 1 2 32.6146
1.3813 1 3 11.3646
1.3829 1 2 32.946
1.3829 1 3 11.5447
1.3845 1 2 33.1292
1.3845 1 3 11.8851
1.3861 1 2 32.8843
1.3861 1 3 12.0487
1.3877 1 2 32.961
1.3877 1 3 12.1493
1.3893 1 2 33.2695
1.3893 1 3 12.2912
1.3909 1 2 32.9728
1.3909 1 3 12.3214
1.3925 1 2 32.8943
1.3925 1 3 12.356
1.3941 1 2 33.3854
1.3941 1 3 12.3725
1.3957 1 2 33.0492
1.3957 1 3 12.3513
1.3973 1 2 33.0321
1.3973 1 3 12.5077
1.3989 1 2 33.4526
1.3989 1 3 12.4502
1.4005 1 2 33.088
1.4005 1 3 12.5496
1.4021 1 2 30.5785
1.4021 1 3 8.76033
1.4037 1 2 32.4568
1.4037 1 3 8.74409
1.4053 1 2 33.781
1.4053 1 3 8.76289
1.4069 1 2 30.8738
1.4069 1 3 8.81718
1.4085 1 2 32.516
1.4085 1 3 8.66763
1.4101 1 2 34.193
1.4101 1 3 8.66123
1.4117 1 2 30.9145
1.4117 1 3 8.59788
1.4133 1 2 32.3218
1.4133 1 3 8.60934
1.4149 1 2 33.8374
1.4149 1 3 8.537
1.4165 1 2 30.9287
1.4165 1 3 8.67166
1.4181 1 2 32.119
1.4181 1 3 8.93262
1.4197 1 2 33.9942
1.4197 1 3 9.10409
1.4213 1 2 31.4482
1.4213 1 3 9.08634
1.4229 1 2 31.7844
1.4229 1 3 9.13665
1.4245 1 2 33.9698
1.4245 1 3 9.25015
1.4261 1 2 31.7356
1.4261 1 3 9.21284
1.4277 1 2 31.5745
1.4277 1 3 9.24011
1.4293 1 2 34.1355
1.4293 1 3 9.18748
1.4309 1 2 31.8566
1.4309 1 3 9.00774
1.4325 1 2 31.485
1.4325 1 3 9.06636
1.4341 1 2 34.1126
1.4341 1 3 9.08255
1.4357 1 2 31.9117
1.4357 1 3 9.0283
1.4373 1 2 31.4339
1.4373 1 3 8.83937
1.4389 1 2 34.1576
1.4389 1 3 8.56659
1.4405 1 2 32.0037
1.4405 1 3 8.46137
1.4421 1 2 31.1336
1.4421 1 3 8.56827
1.4437 1 2 33.8265
1.4437 1 3 8.50889
1.4453 1 2 32.4576
1.4453 1 3 8.5349
1.4469 1 2 31.1513
1.4469 1 3 8.65931
1.4485 1 2 34.027
1.4485 1 3 8.63358
1.4501 1 2 32.7777
1.4501 1 3 8.77797
1.4517 1 2 30.815
1.4517 1 3 8.92169
1.4533 1 2 34.2387
1.4533 1 3 9.04694
1.4549 1 2 33.026
1.4549 1 3 9.15476
1.4565 1 2 30.944
1.4565 1 3 9.34498
1.4581 1 2 34.2201
1.4581 1 3 9.65626
1.4597 1 2 33.2737
1.4597 1 3 9.6135
1.4613 1 2 31.2153
1.4613 1 3 9.57143
1.4629 1 2 34.1218
1.4629 1 3 9.63947
1.4645 1 2 33.445
1.4645 1 3 9.57684
1.4661 1 2 31.0124
1.4661 1 3 9.72788
1.4677 1 2 34.0089
1.4677 1 3 9.72694
1.4693 1 2 33.9146
1.4693 1 3 9.69235
1.4709 1 2 31.0237
1.4709 1 3 9.5609
1.4725 1 2 34.0553
1.4725 1 3 9.50946
1.4741 1 2 34.0753
1.4741 1 3 9.69074
1.4757 1 2 30.7803
1.4757 1 3 9.57708
1.4773 1 2 33.6202
1.4773 1 3 9.39518
1.4789 1 2 33.7375
1.4789 1 3 9.24309
1.4805 1 2 30.6567
1.4805 1 3 9.18972
1.4821 1 2 33.6567
1.4821 1 3 9.19764
1.4837 1 2 34.045
1.4837 1 3 9.25506
1.4853 1 2 30.9164
1.4853 1 3 9.19399
1.4869 1 2 33.4916
1.4869 1 3 9.25294
1.4885 1 2 34.2559
1.4885 1 3 9.36586
1.4901 1 2 31.1402
1.4901 1 3 9.37815
1.4917 1 2 33.1536
1.4917 1 3 9.42755
1.4933 1 2 34.308
1.4933 1 3 9.53257
1.4949 1 2 31.0436
1.4949 1 3 9.51666
1.4965 1 2 33.0791
1.4965 1 3 9.59039
1.4981 1 2 34.3929
1.4981 1 3 9.90947
1.4997 1 2 30.9529
1.4997 1 3 10.0603
1.5013 1 2 33.8405
1.5013 1 3 9.61548
1.5029 1 2 33.7615
1.5029 1 3 9.48584
1.5045 1 2 33.9258
1.5045 1 3 9.30558
1.5061 1 2 34.1821
1.5061 1 3 9.14662
1.5077 1 2 34.0946
1.5077 1 3 9.15417
1.5093 1 2 33.8058
1.5093 1 3 9.09985
1.5109 1 2 33.9786
1.5109 1 3 9.14157
1.5125 1 2 34.2306
1.5125 1 3 8.87842
1.5141 1 2 34.3766
1.5141 1 3 8.8631
1.5157 1 2 34.1114
1.5157 1 3 8.77177
1.5173 1 2 34.0486
1.5173 1 3 8.64283
1.5189 1 2 34.389
1.5189 1 3 8.60118
1.5205 1 2 34.4246
1.5205 1 3 8.66171
1.5221 1 2 34.2908
1.5221 1 3 8.59826
1.5237 1 2 34.0023
1.5237 1 3 8.81576
1.5253 1 2 34.1248
1.5253 1 3 9.0177
1.5269 1 2 34.4939
1.5269 1 3 9.32238
1.5285 1 2 34.2219
1.5285 1 3 9.45423
1.5301 1 2 34.0186
1.5301 1 3 9.418
1.5317 1 2 33.8215
1.5317 1 3 9.41891
1.5333 1 2 34.1076
1.5333 1 3 9.61068
1.5349 1 2 34.0926
1.5349 1 3 9.74909
1.5365 1 2 33.9373
1.5365 1 3 9.66158
1.5381 1 2 34.0284
1.5381 1 3 9.57248
1.5397 1 2 34.2778
1.5397 1 3 9.47556
1.5413 1 2 34.5305
1.5413 1 3 9.44504
1.5429 1 2 34.3734
1.5429 1 3 9.44505
1.5445 1 2 34.133
1.5445 1 3 9.15431
1.5461 1 2 34.2935
1.5461 1 3 9.08347
1.5477 1 2 34.6841
1.5477 1 3 9.01934
1.5493 1 2 34.514
1.5493 1 3 9.07025
1.5509 1 2 34.1532
1.5509 1 3 9.10923
1.5525 1 2 34.1751
1.5525 1 3 9.20491
1.5541 1 2 34.4386
1.5541 1 3 9.33054
1.5557 1 2 34.3365
1.5557 1 3 9.35761
1.5573 1 2 34.1022
1.5573 1 3 9.48755
1.5589 1 2 34.0121
1.5589 1 3 9.60548
1.5605 1 2 34.2243
1.5605 1 3 9.64436
1.5621 1 2 34.4631
1.5621 1 3 9.62717
1.5637 1 2 34.3195
1.5637 1 3 9.90046
1.5653 1 2 34.0786
1.5653 1 3 10.0824
1.5669 1 2 34.2629
1.5669 1 3 10.0966
1.5685 1 2 34.3192
1.5685 1 3 10.066
1.5701 1 2 34.1436
1.5701 1 3 10.0967
1.5717 1 2 33.8535
1.5717 1 3 10.0697
1.5733 1 2 33.6469
1.5733 1 3 9.86919
1.5749 1 2 33.8458
1.5749 1 3 9.78317
1.5765 1 2 34.0948
1.5765 1 3 9.48197
1.5781 1 2 33.9103
1.5781 1 3 9.6345
1.5797 1 2 33.7109
1.5797 1 3 9.59524
1.5813 1 2 33.9724
1.5813 1 3 9.48764
1.5829 1 2 33.9522
1.5829 1 3 9.44474
1.5845 1 2 33.9145
1.5845 1 3 9.44105
1.5861 1 2 33.6468
1.5861 1 3 9.41775
1.5877 1 2 33.657
1.5877 1 3 9.4382
1.5893 1 2 34.143
1.5893 1 3 9.28634
1.5909 1 2 33.9998
1.5909 1 3 9.39661
1.5925 1 2 33.6386
1.5925 1 3 9.61389
1.5941 1 2 33.5675
1.5941 1 3 9.67831
1.5957 1 2 33.8568
1.5957 1 3 9.59734
1.5973 1 2 33.9178
1.5973 1 3 9.65868
1.5989 1 2 33.5009
1.5989 1 3 9.7506
1.6005 1 2 33.5956
1.6005 1 3 9.83825
1.6021 1 2 33.7852
1.6021 1 3 9.96285
1.6037 1 2 33.5568
1.6037 1 3 9.97007
1.6053 1 2 33.6158
1.6053 1 3 9.96717
1.6069 1 2 33.7491
1.6069 1 3 9.78169
1.6085 1 2 33.6441
1.6085 1 3 9.7954
1.6101 1 2 33.395
1.6101 1 3 9.76703
1.6117 1 2 33.4788
1.6117 1 3 9.88094
1.6133 1 2 33.5675
1.6133 1 3 9.7554
1.6149 1 2 33.6407
1.6149 1 3 9.7375
1.6165 1 2 33.3341
1.6165 1 3 9.82485
1.6181 1 2 33.0213
1.6181 1 3 9.72929
1.6197 1 2 33.2144
1.6197 1 3 9.65073
1.6213 1 2 33.3286
1.6213 1 3 9.62233
1.6229 1 2 33.1359
1.6229 1 3 9.66154
1.6245 1 2 32.9719
1.6245 1 3 9.62632
1.6261 1 2 32.887
1.6261 1 3 9.6691
1.6277 1 2 33.0283
1.6277 1 3 9.72034
1.6293 1 2 33.0637
1.6293 1 3 9.95574
1.6309 1 2 32.8214
1.6309 1 3 9.98797
1.6325 1 2 32.5266
1.6325 1 3 10.0061
1.6341 1 2 32.6282
1.6341 1 3 10.1951
1.6357 1 2 32.9646
1.6357 1 3 10.1829
1.6373 1 2 32.5824
1.6373 1 3 10.2447
1.6389 1 2 32.3942
1.6389 1 3 10.1111
1.6405 1 2 32.6135
1.6405 1 3 10.1814
1.6421 1 2 32.9449
1.6421 1 3 10.1281
1.6437 1 2 33.0296
1.6437 1 3 9.97511
1.6453 1 2 32.7009
1.6453 1 3 9.84891
1.6469 1 2 32.6407
1.6469 1 3 9.83919
1.6485 1 2 33.003
1.6485 1 3 9.89251
1.6501 1 2 33.2552
1.6501 1 3 9.9034
1.6517 1 2 32.9387
1.6517 1 3 9.97858
1.6533 1 2 32.6535
1.6533 1 3 9.91721
1.6549 1 2 32.9192
1.6549 1 3 9.93853
1.6565 1 2 32.8245
1.6565 1 3 10.0478
1.6581 1 2 32.7557
1.6581 1 3 10.0226
1.6597 1 2 32.7649
1.6597 1 3 9.99248
1.6613 1 2 32.6829
1.6613 1 3 9.85882
1.6629 1 2 32.9045
1.6629 1 3 9.88623
1.6645 1 2 32.9982
1.6645 1 3 10.0309
1.6661 1 2 32.6124
1.6661 1 3 10.0733
1.6677 1 2 32.6022
1.6677 1 3 10.1316
1.6693 1 2 32.7957
1.6693 1 3 10.2011
1.6709 1 2 33.0623
1.6709 1 3 10.4094
1.6725 1 2 32.8572
1.6725 1 3 10.339
1.6741 1 2 32.6772
1.6741 1 3 10.3793
1.6757 1 2 32.9571
1.6757 1 3 10.2229
1.6773 1 2 33.1313
1.6773 1 3 10.1546
1.6789 1 2 33.1176
1.6789 1 3 10.1394
1.6805 1 2 33.009
1.6805 1 3 9.848
1.6821 1 2 33.0194
1.6821 1 3 9.66614
1.6837 1 2 33.2755
1.6837 1 3 9.46065
1.6853 1 2 33.1693
1.6853 1 3 9.41531
1.6869 1 2 32.854
1.6869 1 3 9.46565
1.6885 1 2 32.8968
1.6885 1 3 9.40728
1.6901 1 2 33.2114
1.6901 1 3 9.58948
1.6917 1 2 33.1504
1.6917 1 3 9.68699
1.6933 1 2 32.9454
1.6933 1 3 9.70845
1.6949 1 2 32.958
1.6949 1 3 9.66242
1.6965 1 2 33.1105
1.6965 1 3 9.63981
1.6981 1 2 33.3901
1.6981 1 3 9.64975
1.6997 1 2 33.4044
1.6997 1 3 9.63326
1.7013 1 2 35.5634
1.7013 1 3 8.5286
1.7029 1 2 35.3669
1.7029 1 3 8.40479
1.7045 1 2 35.4941
1.7045 1 3 8.42545
1.7061 1 2 35.6321
1.7061 1 3 8.27198
1.7077 1 2 35.6455
1.7077 1 3 8.38544
1.7093 1 2 35.604
1.7093 1 3 8.43976
1.7109 1 2 35.6453
1.7109 1 3 8.2418
1.7125 1 2 35.6104
1.7125 1 3 7.94438
1.7141 1 2 35.7825
1.7141 1 3 8.14021
1.7157 1 2 35.8485
1.7157 1 3 8.16845
1.7173 1 2 35.7705
1.7173 1 3 8.42709
1.7189 1 2 35.8325
1.7189 1 3 8.5599
1.7205 1 2 35.875
1.7205 1 3 8.49968
1.7221 1 2 35.6421
1.7221 1 3 8.40676
1.7237 1 2 35.6059
1.7237 1 3 8.45389
1.7253 1 2 35.6635
1.7253 1 3 8.62283
1.7269 1 2 35.5946
1.7269 1 3 8.65531
1.7285 1 2 35.6296
1.7285 1 3 8.54788
1.7301 1 2 35.6677
1.7301 1 3 8.54646
1.7317 1 2 35.6428
1.7317 1 3 8.55936
1.7333 1 2 35.5713
1.7333 1 3 8.55477
1.7349 1 2 35.7305
1.7349 1 3 8.7067
1.7365 1 2 35.4557
1.7365 1 3 8.74916
1.7381 1 2 35.5325
1.7381 1 3 8.78
1.7397 1 2 35.5172
1.7397 1 3 8.98189
1.7413 1 2 35.468
1.7413 1 3 8.96732
1.7429 1 2 35.4274
1.7429 1 3 8.82237
1.7445 1 2 35.4634
1.7445 1 3 8.92737
1.7461 1 2 35.2651
1.7461 1 3 9.0045
1.7477 1 2 35.2444
1.7477 1 3 9.02555
1.7493 1 2 35.2518
1.7493 1 3 9.0457
1.7509 1 2 35.0895
1.7509 1 3 9.12395
1.7525 1 2 35.1587
1.7525 1 3 9.13306
1.7541 1 2 35.3231
1.7541 1 3 9.08599
1.7557 1 2 35.2919
1.7557 1 3 8.94824
1.7573 1 2 35.1999
1.7573 1 3 9.1493
1.7589 1 2 35.0926
1.7589 1 3 9.10498
1.7605 1 2 34.9938
1.7605 1 3 9.15815
1.7621 1 2 34.8969
1.7621 1 3 9.00408
1.7637 1 2 34.9147
1.7637 1 3 8.85668
1.7653 1 2 34.996
1.7653 1 3 8.75295
1.7669 1 2 35.0577
1.7669 1 3 8.75532
1.7685 1 2 35.0563
1.7685 1 3 8.71781
1.7701 1 2 35.0343
1.7701 1 3 8.77199
1.7717 1 2 35.1276
1.7717 1 3 8.78335
1.7733 1 2 35.4478
1.7733 1 3 8.84537
1.7749 1 2 35.3034
1.7749 1 3 8.88836
1.7765 1 2 35.222
1.7765 1 3 8.91539
1.7781 1 2 35.5146
1.7781 1 3 8.88498
1.7797 1 2 35.3329
1.7797 1 3 8.78892
1.7813 1 2 35.186
1.7813 1 3 8.82776
1.7829 1 2 35.3396
1.7829 1 3 8.9502
1.7845 1 2 35.3129
1.7845 1 3 8.95184
1.7861 1 2 35.1884
1.7861 1 3 8.99762
1.7877 1 2 35.3068
1.7877 1 3 9.08439
1.7893 1 2 35.2537
1.7893 1 3 9.18512
1.7909 1 2 35.2489
1.7909 1 3 9.11531
1.7925 1 2 35.2778
1.7925 1 3 9.16603
1.7941 1 2 35.2903
1.7941 1 3 9.25775
1.7957 1 2 35.1871
1.7957 1 3 9.23064
1.7973 1 2 35.2876
1.7973 1 3 9.25724
1.7989 1 2 35.171
1.7989 1 3 9.16621
1.8005 1 2 35.1708
1.8005 1 3 9.15453
1.8021 1 2 32.1104
1.8021 1 3 14.4219
1.8037 1 2 32.0909
1.8037 1 3 14.4477
1.8053 1 2 32.0412
1.8053 1 3 14.3602
1.8069 1 2 32.212
1.8069 1 3 14.324
1.8085 1 2 32.3104
1.8085 1 3 14.2553
1.8101 1 2 32.2166
1.8101 1 3 14.2397
1.8117 1 2 31.9244
1.8117 1 3 14.1825
1.8133 1 2 32.0842
1.8133 1 3 14.234
1.8149 1 2 31.9297
1.8149 1 3 14.0842
1.8165 1 2 31.9121
1.8165 1 3 14.2101
1.8181 1 2 31.9896
1.8181 1 3 14.4258
1.8197 1 2 32.0198
1.8197 1 3 14.2194
1.8213 1 2 32.1734
1.8213 1 3 14.0986
1.8229 1 2 32.2533
1.8229 1 3 14.0597
1.8245 1 2 32.0728
1.8245 1 3 14.0366
1.8261 1 2 31.945
1.8261 1 3 14.096
1.8277 1 2 32.0546
1.8277 1 3 13.8601
1.8293 1 2 31.9335
1.8293 1 3 13.9693
1.8309 1 2 31.7795
1.8309 1 3 13.8875
1.8325 1 2 31.8345
1.8325 1 3 13.9362
1.8341 1 2 31.9418
1.8341 1 3 13.8092
1.8357 1 2 31.8745
1.8357 1 3 13.7363
1.8373 1 2 32.1042
1.8373 1 3 13.8266
1.8389 1 2 32.0254
1.8389 1 3 13.6186
1.8405 1 2 32.2073
1.8405 1 3 13.6416
1.8421 1 2 32.3702
1.8421 1 3 13.7263
1.8437 1 2 32.2314
1.8437 1 3 13.6192
1.8453 1 2 32.0645
1.8453 1 3 13.635
1.8469 1 2 32.3321
1.8469 1 3 13.6688
1.8485 1 2 32.4107
1.8485 1 3 13.5978
1.8501 1 2 32.3929
1.8501 1 3 13.6039
1.8517 1 2 32.4575
1.8517 1 3 13.7272
1.8533 1 2 32.4209
1.8533 1 3 13.5418
1.8549 1 2 32.3981
1.8549 1 3 13.4938
1.8565 1 2 32.4673
1.8565 1 3 13.5175
