0.0005 1 2 37.8353
0.0005 1 3 14.5517
0.0021 1 2 37.8353
0.0021 1 3 14.5517
0.0037 1 2 37.8353
0.0037 1 3 14.5517
0.0053 1 2 37.8353
0.0053 1 3 14.5517
0.0069 1 2 37.8353
0.0069 1 3 14.5517
0.0085 1 2 37.8353
0.0085 1 3 14.5517
0.0101 1 2 37.8353
0.0101 1 3 14.5517
0.0117 1 2 37.8353
0.0117 1 3 14.5517
0.0133 1 2 37.8353
0.0133 1 3 14.5517
0.0149 1 2 37.8353
0.0149 1 3 14.5517
0.0165 1 2 37.8353
0.0165 1 3 14.5517
0.0181 1 2 37.8353
0.0181 1 3 14.5517
0.0197 1 2 37.8353
0.0197 1 3 14.5517
0.0213 1 2 37.8353
0.0213 1 3 14.5517
0.0229 1 2 37.8353
0.0229 1 3 14.5517
0.0245 1 2 37.8353
0.0245 1 3 14.5517
0.0261 1 2 37.8353
0.0261 1 3 14.5517
0.0277 1 2 37.8353
0.0277 1 3 14.5517
0.0293 1 2 37.8353
0.0293 1 3 14.5517
0.0309 1 2 37.8353
0.0309 1 3 14.5517
0.0325 1 2 37.8353
0.0325 1 3 14.5517
0.0341 1 2 37.8353
0.0341 1 3 14.5517
0.0357 1 2 37.8353
0.0357 1 3 14.5517
0.0373 1 2 37.8353
0.0373 1 3 14.5517
0.0389 1 2 37.8353
0.0389 1 3 14.5517
0.0405 1 2 37.8353
0.0405 1 3 14.5517
0.0421 1 2 37.8353
0.0421 1 3 14.5517
0.0437 1 2 37.8353
0.0437 1 3 14.5517
0.0453 1 2 37.8353
0.0453 1 3 14.5517
0.0469 1 2 37.8353
0.0469 1 3 14.5517
0.0485 1 2 37.8353
0.0485 1 3 14.5517
0.0501 1 2 37.8353
0.0501 1 3 14.5517
0.0517 1 2 37.8353
0.0517 1 3 14.5517
0.0533 1 2 37.8353
0.0533 1 3 14.5517
0.0549 1 2 37.8353
0.0549 1 3 14.5517
0.0565 1 2 37.8353
0.0565 1 3 14.5517
0.0581 1 2 37.8353
0.0581 1 3 14.5517
0.0597 1 2 37.8353
0.0597 1 3 14.5517
0.0613 1 2 37.8353
0.0613 1 3 14.5517
0.0629 1 2 37.8353
0.0629 1 3 14.5517
0.0645 1 2 37.8353
0.0645 1 3 14.5517
0.0661 1 2 37.8353
0.0661 1 3 14.5517
0.0677 1 2 37.8353
0.0677 1 3 14.5517
0.0693 1 2 37.8353
0.0693 1 3 14.5517
0.0709 1 2 37.8353
0.0709 1 3 14.5517
0.0725 1 2 37.8353
0.0725 1 3 14.5517
0.0741 1 2 37.8353
0.0741 1 3 14.5517
0.0757 1 2 37.8353
0.0757 1 3 14.5517
0.0773 1 2 37.8353
0.0773 1 3 14.5517
0.0789 1 2 37.8353
0.0789 1 3 14.5517
0.0805 1 2 37.8353
0.0805 1 3 14.5517
0.0821 1 2 37.8353
0.0821 1 3 14.5517
0.0837 1 2 37.8353
0.0837 1 3 14.5517
0.0853 1 2 37.8353
0.0853 1 3 14.5517
0.0869 1 2 37.8353
0.0869 1 3 14.5517
0.0885 1 2 37.8353
0.0885 1 3 14.5517
0.0901 1 2 37.8353
0.0901 1 3 14.5517
0.0917 1 2 37.8353
0.0917 1 3 14.5517
0.0933 1 2 37.8353
0.0933 1 3 14.5517
0.0949 1 2 37.8353
0.0949 1 3 14.5517
0.0965 1 2 37.8353
0.0965 1 3 14.5517
0.0981 1 2 37.8353
0.0981 1 3 14.5517
0.0997 1 2 37.8353
0.0997 1 3 14.5517
0.1013 1 2 38.5165
0.1013 1 3 14.7357
0.1029 1 2 38.5165
0.1029 1 3 14.7357
0.1045 1 2 38.5165
0.1045 1 3 14.7357
0.1061 1 2 38.5165
0.1061 1 3 14.7357
0.1077 1 2 38.5165
0.1077 1 3 14.7357
0.1093 1 2 38.5165
0.1093 1 3 14.7357
0.1109 1 2 38.5165
0.1109 1 3 14.7357
0.1125 1 2 38.5165
0.1125 1 3 14.7357
0.1141 1 2 38.5165
0.1141 1 3 14.7357
0.1157 1 2 38.5165
0.1157 1 3 14.7357
0.1173 1 2 38.5165
0.1173 1 3 14.7357
0.1189 1 2 38.5165
0.1189 1 3 14.7357
0.1205 1 2 38.5165
0.1205 1 3 14.7357
0.1221 1 2 38.5165
0.1221 1 3 14.7357
0.1237 1 2 38.5165
0.1237 1 3 14.7357
0.1253 1 2 38.5165
0.1253 1 3 14.7357
0.1269 1 2 38.5165
0.1269 1 3 14.7357
0.1285 1 2 38.5165
0.1285 1 3 14.7357
0.1301 1 2 38.5165
0.1301 1 3 14.7357
0.1317 1 2 38.5165
0.1317 1 3 14.7357
0.1333 1 2 38.5165
0.1333 1 3 14.7357
0.1349 1 2 38.5165
0.1349 1 3 14.7357
0.1365 1 2 38.5165
0.1365 1 3 14.7357
0.1381 1 2 38.5165
0.1381 1 3 14.7357
0.1397 1 2 38.5165
0.1397 1 3 14.7357
0.1413 1 2 38.5165
0.1413 1 3 14.7357
0.1429 1 2 38.5165
0.1429 1 3 14.7357
0.1445 1 2 38.5165
0.1445 1 3 14.7357
0.1461 1 2 38.5165
0.1461 1 3 14.7357
0.1477 1 2 38.5165
0.1477 1 3 14.7357
0.1493 1 2 38.5165
0.1493 1 3 14.7357
0.1509 1 2 38.5165
0.1509 1 3 14.7357
0.1525 1 2 38.5165
0.1525 1 3 14.7357
0.1541 1 2 38.5165
0.1541 1 3 14.7357
0.1557 1 2 38.5165
0.1557 1 3 14.7357
0.1573 1 2 38.5165
0.1573 1 3 14.7357
0.1589 1 2 38.5165
0.1589 1 3 14.7357
0.1605 1 2 38.5165
0.1605 1 3 14.7357
0.1621 1 2 38.5165
0.1621 1 3 14.7357
0.1637 1 2 38.5165
0.1637 1 3 14.7357
0.1653 1 2 38.5165
0.1653 1 3 14.7357
0.1669 1 2 38.5165
0.1669 1 3 14.7357
0.1685 1 2 38.5165
0.1685 1 3 14.7357
0.1701 1 2 38.5165
0.1701 1 3 14.7357
0.1717 1 2 38.5165
0.1717 1 3 14.7357
0.1733 1 2 38.5165
0.1733 1 3 14.7357
0.1749 1 2 38.5165
0.1749 1 3 14.7357
0.1765 1 2 38.5165
0.1765 1 3 14.7357
0.1781 1 2 38.5165
0.1781 1 3 14.7357
0.1797 1 2 38.5165
0.1797 1 3 14.7357
0.1813 1 2 38.5165
0.1813 1 3 14.7357
0.1829 1 2 38.5165
0.1829 1 3 14.7357
0.1845 1 2 38.5165
0.1845 1 3 14.7357
0.1861 1 2 38.5165
0.1861 1 3 14.7357
0.1877 1 2 38.5165
0.1877 1 3 14.7357
0.1893 1 2 38.5165
0.1893 1 3 14.7357
0.1909 1 2 38.5165
0.1909 1 3 14.7357
0.1925 1 2 38.5165
0.1925 1 3 14.7357
0.1941 1 2 38.5165
0.1941 1 3 14.7357
0.1957 1 2 38.5165
0.1957 1 3 14.7357
0.1973 1 2 38.5165
0.1973 1 3 14.7357
0.1989 1 2 38.5165
0.1989 1 3 14.7357
0.2005 1 2 38.5165
0.2005 1 3 14.7357
0.2021 1 2 40.5071
0.2021 1 3 12.0351
0.2037 1 2 40.5071
0.2037 1 3 12.0351
0.2053 1 2 40.5071
0.2053 1 3 12.0351
0.2069 1 2 40.5071
0.2069 1 3 12.0351
0.2085 1 2 40.5071
0.2085 1 3 12.0351
0.2101 1 2 40.5071
0.2101 1 3 12.0351
0.2117 1 2 40.5071
0.2117 1 3 12.0351
0.2133 1 2 40.5071
0.2133 1 3 12.0351
0.2149 1 2 40.5071
0.2149 1 3 12.0351
0.2165 1 2 40.5071
0.2165 1 3 12.0351
0.2181 1 2 40.5071
0.2181 1 3 12.0351
0.2197 1 2 40.5071
0.2197 1 3 12.0351
0.2213 1 2 40.5071
0.2213 1 3 12.0351
0.2229 1 2 40.5071
0.2229 1 3 12.0351
0.2245 1 2 40.5071
0.2245 1 3 12.0351
0.2261 1 2 40.5071
0.2261 1 3 12.0351
0.2277 1 2 40.5071
0.2277 1 3 12.0351
0.2293 1 2 40.5071
0.2293 1 3 12.0351
0.2309 1 2 40.5071
0.2309 1 3 12.0351
0.2325 1 2 40.5071
0.2325 1 3 12.0351
0.2341 1 2 40.5071
0.2341 1 3 12.0351
0.2357 1 2 40.5071
0.2357 1 3 12.0351
0.2373 1 2 40.5071
0.2373 1 3 12.0351
0.2389 1 2 40.5071
0.2389 1 3 12.0351
0.2405 1 2 40.5251
0.2405 1 3 12.11
0.2421 1 2 40.4185
0.2421 1 3 12.0634
0.2437 1 2 40.4369
0.2437 1 3 12.0638
0.2453 1 2 40.5432
0.2453 1 3 12.1281
0.2469 1 2 40.3613
0.2469 1 3 12.0571
0.2485 1 2 40.3937
0.2485 1 3 12.116
0.2501 1 2 40.2115
0.2501 1 3 12.1209
0.2517 1 2 40.1581
0.2517 1 3 12.1265
0.2533 1 2 40.132
0.2533 1 3 12.1445
0.2549 1 2 40.2419
0.2549 1 3 12.0899
0.2565 1 2 40.111
0.2565 1 3 12.1883
0.2581 1 2 40.1385
0.2581 1 3 12.2527
0.2597 1 2 40.1057
0.2597 1 3 12.4064
0.2613 1 2 39.9681
0.2613 1 3 12.6313
0.2629 1 2 39.8026
0.2629 1 3 12.6408
0.2645 1 2 39.8697
0.2645 1 3 12.5404
0.2661 1 2 39.8414
0.2661 1 3 12.511
0.2677 1 2 39.8844
0.2677 1 3 12.5199
0.2693 1 2 39.9248
0.2693 1 3 12.6028
0.2709 1 2 39.8266
0.2709 1 3 12.723
0.2725 1 2 39.9371
0.2725 1 3 12.6602
0.2741 1 2 39.8575
0.2741 1 3 12.6072
0.2757 1 2 39.6796
0.2757 1 3 12.589
0.2773 1 2 39.6577
0.2773 1 3 12.4104
0.2789 1 2 39.6499
0.2789 1 3 12.46
0.2805 1 2 39.6061
0.2805 1 3 12.5088
0.2821 1 2 39.5341
0.2821 1 3 12.565
0.2837 1 2 39.5204
0.2837 1 3 12.7924
0.2853 1 2 39.3743
0.2853 1 3 12.7714
0.2869 1 2 39.2536
0.2869 1 3 12.9232
0.2885 1 2 39.1723
0.2885 1 3 12.967
0.2901 1 2 39.1382
0.2901 1 3 12.9906
0.2917 1 2 39.0678
0.2917 1 3 13.0035
0.2933 1 2 39.1259
0.2933 1 3 12.9531
0.2949 1 2 39.069
0.2949 1 3 13.056
0.2965 1 2 38.9687
0.2965 1 3 13.0804
0.2981 1 2 39.1498
0.2981 1 3 13.1013
0.2997 1 2 39.0267
0.2997 1 3 13.0063
0.3013 1 2 39.2285
0.3013 1 3 12.848
0.3029 1 2 39.4744
0.3029 1 3 12.9483
0.3045 1 2 39.2811
0.3045 1 3 12.8891
0.3061 1 2 39.3119
0.3061 1 3 12.9325
0.3077 1 2 39.6102
0.3077 1 3 13.0606
0.3093 1 2 39.6241
0.3093 1 3 12.9626
0.3109 1 2 39.5269
0.3109 1 3 13.0517
0.3125 1 2 39.6529
0.3125 1 3 12.9477
0.3141 1 2 39.674
0.3141 1 3 12.9477
0.3157 1 2 39.7623
0.3157 1 3 12.9676
0.3173 1 2 39.8802
0.3173 1 3 13.239
0.3189 1 2 39.85
0.3189 1 3 13.1751
0.3205 1 2 39.8226
0.3205 1 3 13.1265
0.3221 1 2 40.0008
0.3221 1 3 13.1064
0.3237 1 2 40.0998
0.3237 1 3 13.0862
0.3253 1 2 40.1114
0.3253 1 3 13.199
0.3269 1 2 40.09
0.3269 1 3 13.0999
0.3285 1 2 40.1536
0.3285 1 3 13.0319
0.3301 1 2 40.1052
0.3301 1 3 13.0939
0.3317 1 2 40.2516
0.3317 1 3 13.1428
0.3333 1 2 40.3327
0.3333 1 3 13.1142
0.3349 1 2 40.2908
0.3349 1 3 12.8768
0.3365 1 2 40.3178
0.3365 1 3 12.8457
0.3381 1 2 40.337
0.3381 1 3 12.951
0.3397 1 2 40.2608
0.3397 1 3 12.895
0.3413 1 2 40.2925
0.3413 1 3 13.0537
0.3429 1 2 40.2116
0.3429 1 3 13.1887
0.3445 1 2 40.3523
0.3445 1 3 13.138
0.3461 1 2 40.3756
0.3461 1 3 13.0382
0.3477 1 2 40.4386
0.3477 1 3 13.0715
0.3493 1 2 40.3314
0.3493 1 3 13.1327
0.3509 1 2 40.4205
0.3509 1 3 13.1616
0.3525 1 2 40.5206
0.3525 1 3 13.1503
0.3541 1 2 40.3999
0.3541 1 3 13.2672
0.3557 1 2 40.425
0.3557 1 3 13.0515
0.3573 1 2 40.6018
0.3573 1 3 13.0841
0.3589 1 2 40.3618
0.3589 1 3 13.0087
0.3605 1 2 40.3933
0.3605 1 3 13.0663
0.3621 1 2 40.5724
0.3621 1 3 13.0312
0.3637 1 2 40.4871
0.3637 1 3 13.0278
0.3653 1 2 40.6648
0.3653 1 3 13.2736
0.3669 1 2 40.8443
0.3669 1 3 13.1245
0.3685 1 2 40.7533
0.3685 1 3 13.0688
0.3701 1 2 40.8081
0.3701 1 3 13.1219
0.3717 1 2 40.7556
0.3717 1 3 13.1773
0.3733 1 2 40.9025
0.3733 1 3 13.1329
0.3749 1 2 40.8591
0.3749 1 3 13.0188
0.3765 1 2 40.7659
0.3765 1 3 12.8483
0.3781 1 2 40.8139
0.3781 1 3 12.751
0.3797 1 2 40.6497
0.3797 1 3 12.7304
0.3813 1 2 40.5785
0.3813 1 3 12.7033
0.3829 1 2 40.6434
0.3829 1 3 12.5794
0.3845 1 2 40.5343
0.3845 1 3 12.5576
0.3861 1 2 40.5616
0.3861 1 3 12.306
0.3877 1 2 40.499
0.3877 1 3 12.3024
0.3893 1 2 40.4741
0.3893 1 3 12.2199
0.3909 1 2 40.5929
0.3909 1 3 12.2065
0.3925 1 2 40.6918
0.3925 1 3 12.3661
0.3941 1 2 40.623
0.3941 1 3 12.3109
0.3957 1 2 40.6517
0.3957 1 3 12.2199
0.3973 1 2 40.7031
0.3973 1 3 12.405
0.3989 1 2 40.6003
0.3989 1 3 12.5239
0.4005 1 2 40.5261
0.4005 1 3 12.7141
0.4021 1 2 37.2303
0.4021 1 3 15.0264
0.4037 1 2 37.063
0.4037 1 3 15.0229
0.4053 1 2 37.0461
0.4053 1 3 14.8165
0.4069 1 2 37.108
0.4069 1 3 14.7824
0.4085 1 2 37.0208
0.4085 1 3 14.7563
0.4101 1 2 36.9271
0.4101 1 3 14.7751
0.4117 1 2 36.9192
0.4117 1 3 14.7415
0.4133 1 2 36.8449
0.4133 1 3 14.678
0.4149 1 2 36.7966
0.4149 1 3 14.7293
0.4165 1 2 36.7176
0.4165 1 3 14.6762
0.4181 1 2 36.637
0.4181 1 3 14.6961
0.4197 1 2 36.4876
0.4197 1 3 14.6742
0.4213 1 2 36.3676
0.4213 1 3 14.6906
0.4229 1 2 36.1567
0.4229 1 3 14.759
0.4245 1 2 36.1179
0.4245 1 3 14.7874
0.4261 1 2 36.175
0.4261 1 3 14.7449
0.4277 1 2 36.0931
0.4277 1 3 14.7666
0.4293 1 2 36.2691
0.4293 1 3 14.7304
0.4309 1 2 36.1732
0.4309 1 3 14.7085
0.4325 1 2 36.1788
0.4325 1 3 14.7662
0.4341 1 2 36.0013
0.4341 1 3 14.7633
0.4357 1 2 36.133
0.4357 1 3 14.8003
0.4373 1 2 36.1003
0.4373 1 3 14.8234
0.4389 1 2 36.1175
0.4389 1 3 14.7385
0.4405 1 2 36.1004
0.4405 1 3 14.6521
0.4421 1 2 36.0446
0.4421 1 3 14.7033
0.4437 1 2 35.6597
0.4437 1 3 14.7032
0.4453 1 2 35.7245
0.4453 1 3 14.5684
0.4469 1 2 35.7571
0.4469 1 3 14.5774
0.4485 1 2 35.6315
0.4485 1 3 14.4342
0.4501 1 2 35.6003
0.4501 1 3 14.4153
0.4517 1 2 35.4756
0.4517 1 3 14.3863
0.4533 1 2 35.3062
0.4533 1 3 14.4035
0.4549 1 2 35.319
0.4549 1 3 14.3399
0.4565 1 2 35.4289
0.4565 1 3 14.4166
0.4581 1 2 35.3526
0.4581 1 3 14.4979
0.4597 1 2 35.3548
0.4597 1 3 14.56
0.4613 1 2 35.2864
0.4613 1 3 14.6639
0.4629 1 2 35.3125
0.4629 1 3 14.5657
0.4645 1 2 35.2981
0.4645 1 3 14.5612
0.4661 1 2 35.275
0.4661 1 3 14.5595
0.4677 1 2 35.1365
0.4677 1 3 14.5384
0.4693 1 2 35.0719
0.4693 1 3 14.6825
0.4709 1 2 35.1034
0.4709 1 3 14.7095
0.4725 1 2 35.1355
0.4725 1 3 14.7734
0.4741 1 2 35.2951
0.4741 1 3 14.6404
0.4757 1 2 35.3133
0.4757 1 3 14.5153
0.4773 1 2 35.4656
0.4773 1 3 14.4576
0.4789 1 2 35.4738
0.4789 1 3 14.4865
0.4805 1 2 35.1941
0.4805 1 3 14.3359
0.4821 1 2 35.2439
0.4821 1 3 14.32
0.4837 1 2 35.1306
0.4837 1 3 14.5034
0.4853 1 2 35.056
0.4853 1 3 14.288
0.4869 1 2 34.8907
0.4869 1 3 14.3657
0.4885 1 2 34.9109
0.4885 1 3 14.524
0.4901 1 2 34.947
0.4901 1 3 14.5413
0.4917 1 2 34.7669
0.4917 1 3 14.257
0.4933 1 2 34.7714
0.4933 1 3 14.0677
0.4949 1 2 34.7453
0.4949 1 3 14.0585
0.4965 1 2 34.7476
0.4965 1 3 13.8697
0.4981 1 2 34.5638
0.4981 1 3 13.8382
0.4997 1 2 34.309
0.4997 1 3 13.825
0.5013 1 2 34.8776
0.5013 1 3 13.684
0.5029 1 2 35.0383
0.5029 1 3 13.6847
0.5045 1 2 35.0122
0.5045 1 3 13.8033
0.5061 1 2 35.0152
0.5061 1 3 13.6888
0.5077 1 2 35.0086
0.5077 1 3 13.7457
0.5093 1 2 35.0714
0.5093 1 3 13.596
0.5109 1 2 35.0828
0.5109 1 3 13.4448
