0.0005 1 2 37.8353
0.0005 1 3 14.5517
0.0021 1 2 37.8353
0.0021 1 3 14.5517
0.0037 1 2 37.8353
0.0037 1 3 14.5517
0.0053 1 2 37.8353
0.0053 1 3 14.5517
0.0069 1 2 37.8353
0.0069 1 3 14.5517
0.0085 1 2 37.8353
0.0085 1 3 14.5517
0.0101 1 2 37.8353
0.0101 1 3 14.5517
0.0117 1 2 37.8353
0.0117 1 3 14.5517
0.0133 1 2 37.8353
0.0133 1 3 14.5517
0.0149 1 2 37.8353
0.0149 1 3 14.5517
0.0165 1 2 37.8353
0.0165 1 3 14.5517
0.0181 1 2 37.8353
0.0181 1 3 14.5517
0.0197 1 2 37.8353
0.0197 1 3 14.5517
0.0213 1 2 37.8353
0.0213 1 3 14.5517
0.0229 1 2 37.8353
0.0229 1 3 14.5517
0.0245 1 2 37.8353
0.0245 1 3 14.5517
0.0261 1 2 37.8353
0.0261 1 3 14.5517
0.0277 1 2 37.8353
0.0277 1 3 14.5517
0.0293 1 2 37.8353
0.0293 1 3 14.5517
0.0309 1 2 37.8353
0.0309 1 3 14.5517
0.0325 1 2 37.8353
0.0325 1 3 14.5517
0.0341 1 2 37.8353
0.0341 1 3 14.5517
0.0357 1 2 37.8353
0.0357 1 3 14.5517
0.0373 1 2 37.8353
0.0373 1 3 14.5517
0.0389 1 2 37.8353
0.0389 1 3 14.5517
0.0405 1 2 37.8353
0.0405 1 3 14.5517
0.0421 1 2 37.8353
0.0421 1 3 14.5517
0.0437 1 2 37.8353
0.0437 1 3 14.5517
0.0453 1 2 37.8353
0.0453 1 3 14.5517
0.0469 1 2 37.8353
0.0469 1 3 14.5517
0.0485 1 2 37.8353
0.0485 1 3 14.5517
0.0501 1 2 37.8353
0.0501 1 3 14.5517
