Rx 0.0359286 1 1 1 8 4714285
Rx 0.0444083 2 1 1 8 304160
Tx 0.0512143 1 1 1 2 
Tx 0.0512143 1 1 1 16 
Rx 0.0559286 1 1 1 2 0
Rx 0.0559286 1 1 1 16 4714285
Tx 0.0672143 1 1 1 2 
Tx 0.0672143 1 1 1 7 
Rx 0.0719286 1 1 1 2 0
Rx 0.0719286 1 1 1 7 4714285
Tx 0.252304 2 1 3 2 
Rx 0.252621 2 1 3 2 0
Tx 0.262604 2 1 3 2 
Rx 0.262921 2 1 3 2 0
Tx 0.272904 2 1 3 2 
Rx 0.273221 2 1 3 2 0
Tx 0.283204 2 1 3 2 
Rx 0.283521 2 1 3 2 0
Tx 0.293504 2 1 3 2 
Rx 0.293821 2 1 3 2 0
Tx 0.303804 2 1 3 2 
Rx 0.304121 2 1 3 2 0
Tx 0.314104 2 1 3 2 
Rx 0.314421 2 1 3 2 0
Tx 0.324404 2 1 3 2 
Rx 0.324721 2 1 3 2 0
Tx 0.334704 2 1 3 2 
Rx 0.335021 2 1 3 2 0
Tx 0.345004 2 1 3 2 
Rx 0.345321 2 1 3 2 0
Tx 0.355304 2 1 3 2 
Rx 0.355621 2 1 3 2 0
Tx 0.365604 2 1 3 2 
Rx 0.365921 2 1 3 2 0
Tx 0.375904 2 1 3 2 
Rx 0.376221 2 1 3 2 0
Tx 0.386204 2 1 3 2 
Rx 0.386521 2 1 3 2 0
Tx 0.396504 2 1 3 2 
Rx 0.396821 2 1 3 2 0
Tx 0.406804 2 1 3 2 
Rx 0.407121 2 1 3 2 0
Tx 0.417104 2 1 3 2 
Rx 0.417421 2 1 3 2 0
Tx 0.427404 2 1 3 2 
Rx 0.427721 2 1 3 2 0
Tx 0.437704 2 1 3 2 
Rx 0.438021 2 1 3 2 0
Tx 0.448004 2 1 3 2 
Rx 0.448321 2 1 3 2 0
Tx 0.458304 2 1 3 2 
Rx 0.458621 2 1 3 2 0
Tx 0.468604 2 1 3 2 
Rx 0.468921 2 1 3 2 0
Tx 0.478904 2 1 3 2 
Rx 0.479221 2 1 3 2 0
Tx 0.489204 2 1 3 2 
Rx 0.489521 2 1 3 2 0
Tx 0.499504 2 1 3 2 
Rx 0.499821 2 1 3 2 0
Tx 0.509804 2 1 3 2 
Rx 0.510121 2 1 3 2 0
Tx 0.520104 2 1 3 2 
Rx 0.520421 2 1 3 2 0
Tx 0.530404 2 1 3 2 
Rx 0.530721 2 1 3 2 0
Tx 0.540704 2 1 3 2 
Rx 0.541021 2 1 3 2 0
Tx 0.551004 2 1 3 2 
Rx 0.551321 2 1 3 2 0
Tx 0.561304 2 1 3 2 
Rx 0.561621 2 1 3 2 0
Tx 0.571604 2 1 3 2 
Rx 0.571921 2 1 3 2 0
Tx 0.581904 2 1 3 2 
Rx 0.582221 2 1 3 2 0
Tx 0.592204 2 1 3 2 
Rx 0.592521 2 1 3 2 0
Tx 0.602504 2 1 3 2 
Rx 0.602821 2 1 3 2 0
Tx 0.612804 2 1 3 2 
Rx 0.613121 2 1 3 2 0
Tx 0.623104 2 1 3 2 
Rx 0.623421 2 1 3 2 0
Tx 0.633404 2 1 3 2 
Rx 0.633721 2 1 3 2 0
Tx 0.643704 2 1 3 2 
Rx 0.644021 2 1 3 2 0
Tx 0.654004 2 1 3 2 
Rx 0.654321 2 1 3 2 0
Tx 0.664304 2 1 3 2 
Rx 0.664621 2 1 3 2 0
Tx 0.674604 2 1 3 2 
Rx 0.674921 2 1 3 2 0
Tx 0.684904 2 1 3 2 
Rx 0.685221 2 1 3 2 0
Tx 0.695204 2 1 3 2 
Rx 0.695521 2 1 3 2 0
Tx 0.705504 2 1 3 2 
Rx 0.705821 2 1 3 2 0
Tx 0.715804 2 1 3 2 
Rx 0.716121 2 1 3 2 0
Tx 0.726104 2 1 3 2 
Rx 0.726421 2 1 3 2 0
Tx 0.736404 2 1 3 2 
Rx 0.736721 2 1 3 2 0
Tx 0.746704 2 1 3 2 
Rx 0.747021 2 1 3 2 0
Tx 0.757004 2 1 3 2 
Rx 0.757321 2 1 3 2 0
Tx 0.767304 2 1 3 2 
Rx 0.767621 2 1 3 2 0
Tx 0.777604 2 1 3 2 
Rx 0.777921 2 1 3 2 0
Tx 0.787904 2 1 3 2 
Rx 0.788221 2 1 3 2 0
Tx 0.798204 2 1 3 2 
Rx 0.798521 2 1 3 2 0
Tx 0.808504 2 1 3 2 
Rx 0.808821 2 1 3 2 0
Tx 0.818804 2 1 3 2 
Rx 0.819121 2 1 3 2 0
Tx 0.829104 2 1 3 2 
Rx 0.829421 2 1 3 2 0
Tx 0.839404 2 1 3 2 
Rx 0.839721 2 1 3 2 0
Tx 0.849704 2 1 3 2 
Rx 0.850021 2 1 3 2 0
Tx 0.860004 2 1 3 2 
Rx 0.860321 2 1 3 2 0
Tx 0.870304 2 1 3 2 
Rx 0.870621 2 1 3 2 0
Tx 0.880604 2 1 3 2 
Rx 0.880921 2 1 3 2 0
Tx 0.890904 2 1 3 2 
Rx 0.891221 2 1 3 2 0
Tx 0.901204 2 1 3 2 
Rx 0.901521 2 1 3 2 0
Tx 0.911504 2 1 3 2 
Rx 0.911821 2 1 3 2 0
Tx 0.921804 2 1 3 2 
Rx 0.922121 2 1 3 2 0
Tx 0.932104 2 1 3 2 
Rx 0.932421 2 1 3 2 0
Tx 0.942404 2 1 3 2 
Rx 0.942721 2 1 3 2 0
Tx 0.952704 2 1 3 2 
Rx 0.953021 2 1 3 2 0
Tx 0.963004 2 1 3 2 
Rx 0.963321 2 1 3 2 0
Tx 0.973304 2 1 3 2 
Rx 0.973621 2 1 3 2 0
Tx 0.983604 2 1 3 2 
Rx 0.983921 2 1 3 2 0
Tx 0.993904 2 1 3 2 
Rx 0.994221 2 1 3 2 0
Tx 1.0042 2 1 3 2 
Rx 1.00452 2 1 3 2 0
Tx 1.0145 2 1 3 2 
Rx 1.01482 2 1 3 2 0
Tx 1.0248 2 1 3 2 
Rx 1.02512 2 1 3 2 0
Tx 1.0351 2 1 3 2 
Rx 1.03542 2 1 3 2 0
Tx 1.0454 2 1 3 2 
Rx 1.04572 2 1 3 2 0
Tx 1.0557 2 1 3 2 
Rx 1.05602 2 1 3 2 0
Tx 1.066 2 1 3 2 
Rx 1.06632 2 1 3 2 0
Tx 1.0763 2 1 3 2 
Rx 1.07662 2 1 3 2 0
Tx 1.0866 2 1 3 2 
Rx 1.08692 2 1 3 2 0
Tx 1.0969 2 1 3 2 
Rx 1.09722 2 1 3 2 0
Tx 1.1072 2 1 3 2 
Rx 1.10752 2 1 3 2 0
Tx 1.1175 2 1 3 2 
Rx 1.11782 2 1 3 2 0
Tx 1.1278 2 1 3 2 
Rx 1.12812 2 1 3 2 0
Tx 1.1381 2 1 3 2 
Rx 1.13842 2 1 3 2 0
Tx 1.1484 2 1 3 2 
Rx 1.14872 2 1 3 2 0
Tx 1.1587 2 1 3 2 
Rx 1.15902 2 1 3 2 0
Tx 1.169 2 1 3 2 
Rx 1.16932 2 1 3 2 0
Tx 1.1793 2 1 3 2 
Rx 1.17962 2 1 3 2 0
Tx 1.1896 2 1 3 2 
Rx 1.18992 2 1 3 2 0
Tx 1.1999 2 1 3 2 
Rx 1.20022 2 1 3 2 0
Tx 1.2102 2 1 3 2 
Rx 1.21052 2 1 3 2 0
Tx 1.2205 2 1 3 2 
Rx 1.22082 2 1 3 2 0
Tx 1.2308 2 1 3 2 
Rx 1.23112 2 1 3 2 0
Tx 1.2411 2 1 3 2 
Rx 1.24142 2 1 3 2 0
Tx 1.2514 2 1 3 2 
Rx 1.25172 2 1 3 2 0
Tx 1.2617 2 1 3 2 
Rx 1.26202 2 1 3 2 0
Tx 1.272 2 1 3 2 
Rx 1.27232 2 1 3 2 0
Tx 1.2823 2 1 3 2 
Rx 1.28262 2 1 3 2 0
Tx 1.2926 2 1 3 2 
Rx 1.29292 2 1 3 2 0
Tx 1.3029 2 1 3 2 
Rx 1.30322 2 1 3 2 0
Tx 1.3132 2 1 3 2 
Rx 1.31352 2 1 3 2 0
Tx 1.3235 2 1 3 2 
Rx 1.32382 2 1 3 2 0
Tx 1.3338 2 1 3 2 
Rx 1.33412 2 1 3 2 0
Tx 1.3441 2 1 3 2 
Rx 1.34442 2 1 3 2 0
Tx 1.3544 2 1 3 2 
Rx 1.35472 2 1 3 2 0
Tx 1.3647 2 1 3 2 
Rx 1.36502 2 1 3 2 0
Tx 1.375 2 1 3 2 
Rx 1.37532 2 1 3 2 0
Tx 1.3853 2 1 3 2 
Rx 1.38562 2 1 3 2 0
Tx 1.3956 2 1 3 2 
Rx 1.39592 2 1 3 2 0
Tx 1.4059 2 1 3 2 
Rx 1.40622 2 1 3 2 0
Tx 1.4162 2 1 3 2 
Rx 1.41652 2 1 3 2 0
Tx 1.4265 2 1 3 2 
Rx 1.42682 2 1 3 2 0
Tx 1.4368 2 1 3 2 
Rx 1.43712 2 1 3 2 0
Tx 1.4471 2 1 3 2 
Rx 1.44742 2 1 3 2 0
Tx 1.4574 2 1 3 2 
Rx 1.45772 2 1 3 2 0
Tx 1.4677 2 1 3 2 
Rx 1.46802 2 1 3 2 0
Tx 1.478 2 1 3 2 
Rx 1.47832 2 1 3 2 0
Tx 1.4883 2 1 3 2 
Rx 1.48862 2 1 3 2 0
Tx 1.4986 2 1 3 2 
Rx 1.49892 2 1 3 2 0
Tx 1.5089 2 1 3 2 
Rx 1.50922 2 1 3 2 0
Tx 1.5192 2 1 3 2 
Rx 1.51952 2 1 3 2 0
Tx 1.5295 2 1 3 2 
Rx 1.52982 2 1 3 2 0
Tx 1.5398 2 1 3 2 
Rx 1.54012 2 1 3 2 0
Tx 1.5501 2 1 3 2 
Rx 1.55042 2 1 3 2 0
Tx 1.5604 2 1 3 2 
Rx 1.56072 2 1 3 2 0
Tx 1.5707 2 1 3 2 
Rx 1.57102 2 1 3 2 0
Tx 1.581 2 1 3 2 
Rx 1.58132 2 1 3 2 0
Tx 1.5913 2 1 3 2 
Rx 1.59162 2 1 3 2 0
Tx 1.6016 2 1 3 2 
Rx 1.60192 2 1 3 2 0
Tx 1.6119 2 1 3 2 
Rx 1.61222 2 1 3 2 0
Tx 1.6222 2 1 3 2 
Rx 1.62252 2 1 3 2 0
Tx 1.6325 2 1 3 2 
Rx 1.63282 2 1 3 2 0
Tx 1.6428 2 1 3 2 
Rx 1.64312 2 1 3 2 0
Tx 1.6531 2 1 3 2 
Rx 1.65342 2 1 3 2 0
Tx 1.6634 2 1 3 2 
Rx 1.66372 2 1 3 2 0
Tx 1.6737 2 1 3 2 
Rx 1.67402 2 1 3 2 0
Tx 1.684 2 1 3 2 
Rx 1.68432 2 1 3 2 0
Tx 1.6943 2 1 3 2 
Rx 1.69462 2 1 3 2 0
Tx 1.7046 2 1 3 2 
Rx 1.70492 2 1 3 2 0
Tx 1.7149 2 1 3 2 
Rx 1.71522 2 1 3 2 0
Tx 1.7252 2 1 3 2 
Rx 1.72552 2 1 3 2 0
Tx 1.7355 2 1 3 2 
Rx 1.73582 2 1 3 2 0
Tx 1.7458 2 1 3 2 
Rx 1.74612 2 1 3 2 0
Tx 1.7561 2 1 3 2 
Rx 1.75642 2 1 3 2 0
Tx 1.7664 2 1 3 2 
Rx 1.76672 2 1 3 2 0
Tx 1.7767 2 1 3 2 
Rx 1.77702 2 1 3 2 0
Tx 1.787 2 1 3 2 
Rx 1.78732 2 1 3 2 0
Tx 1.7973 2 1 3 2 
Rx 1.79762 2 1 3 2 0
Tx 1.8076 2 1 3 2 
Rx 1.80792 2 1 3 2 0
Tx 1.8179 2 1 3 2 
Rx 1.81822 2 1 3 2 0
Tx 1.8282 2 1 3 2 
Rx 1.82852 2 1 3 2 0
Tx 1.8385 2 1 3 2 
Rx 1.83882 2 1 3 2 0
Tx 1.8488 2 1 3 2 
Rx 1.84912 2 1 3 2 0
