Rx 0.0359286 1 1 1 8 4714285
Rx 0.0444083 2 1 1 8 304160
Tx 0.0512143 1 1 1 2 
Tx 0.0512143 1 1 1 16 
Rx 0.0559286 1 1 1 2 0
Rx 0.0559286 1 1 1 16 4714285
Tx 0.0672143 1 1 1 2 
Tx 0.0672143 1 1 1 7 
Rx 0.0719286 1 1 1 2 0
Rx 0.0719286 1 1 1 7 4714285
Tx 0.252304 2 1 3 2 
Rx 0.252621 2 1 3 2 0
Tx 0.262604 2 1 3 2 
Rx 0.262921 2 1 3 2 0
Tx 0.272904 2 1 3 2 
Rx 0.273221 2 1 3 2 0
Tx 0.283204 2 1 3 2 
Rx 0.283521 2 1 3 2 0
Tx 0.293504 2 1 3 2 
Rx 0.293821 2 1 3 2 0
Tx 0.303804 2 1 3 2 
Rx 0.304121 2 1 3 2 0
Tx 0.314104 2 1 3 2 
Rx 0.314421 2 1 3 2 0
Tx 0.324404 2 1 3 2 
Rx 0.324721 2 1 3 2 0
Tx 0.334704 2 1 3 2 
Rx 0.335021 2 1 3 2 0
Tx 0.345004 2 1 3 2 
Rx 0.345321 2 1 3 2 0
Tx 0.355304 2 1 3 2 
Rx 0.355621 2 1 3 2 0
Tx 0.365604 2 1 3 2 
Rx 0.365921 2 1 3 2 0
Tx 0.375904 2 1 3 2 
Rx 0.376221 2 1 3 2 0
Tx 0.386204 2 1 3 2 
Rx 0.386521 2 1 3 2 0
Tx 0.396504 2 1 3 2 
Rx 0.396821 2 1 3 2 0
Tx 0.406804 2 1 3 2 
Rx 0.407121 2 1 3 2 0
Tx 0.417104 2 1 3 2 
Rx 0.417421 2 1 3 2 0
Tx 0.427404 2 1 3 2 
Rx 0.427721 2 1 3 2 0
Tx 0.437704 2 1 3 2 
Rx 0.438021 2 1 3 2 0
Tx 0.448004 2 1 3 2 
Rx 0.448321 2 1 3 2 0
Tx 0.458304 2 1 3 2 
Rx 0.458621 2 1 3 2 0
Tx 0.468604 2 1 3 2 
Rx 0.468921 2 1 3 2 0
Tx 0.478904 2 1 3 2 
Rx 0.479221 2 1 3 2 0
Tx 0.489204 2 1 3 2 
Rx 0.489521 2 1 3 2 0
Tx 0.499504 2 1 3 2 
Rx 0.499821 2 1 3 2 0
Tx 0.509804 2 1 3 2 
Rx 0.510121 2 1 3 2 0
