0.0005 2 1 27 500000 0
0.0005 3 1 27 500000 0
0.0021 2 1 27 500000 0
0.0021 3 1 27 500000 0
0.0037 2 1 27 500000 0
0.0037 3 1 27 500000 0
0.0053 2 1 27 500000 0
0.0053 3 1 27 500000 0
0.0069 2 1 27 500000 0
0.0069 3 1 27 500000 0
0.0085 2 1 27 500000 0
0.0085 3 1 27 500000 0
0.0101 2 1 27 500000 0
0.0101 3 1 27 500000 0
0.0117 2 1 27 500000 0
0.0117 3 1 27 500000 0
0.0133 2 1 27 500000 0
0.0133 3 1 27 500000 0
0.0149 2 1 27 500000 0
0.0149 3 1 27 500000 0
0.0165 2 1 27 500000 0
0.0165 3 1 27 500000 0
0.0181 2 1 27 500000 0
0.0181 3 1 27 500000 0
0.0197 2 1 27 500000 0
0.0197 3 1 27 500000 0
0.0213 2 1 27 500000 0
0.0213 3 1 27 500000 0
0.0229 2 1 27 500000 0
0.0229 3 1 27 500000 0
0.0245 2 1 27 500000 0
0.0245 3 1 27 500000 0
0.0261 2 1 27 500000 0
0.0261 3 1 27 500000 0
0.0277 2 1 27 500000 0
0.0277 3 1 27 500000 0
0.0293 2 1 27 500000 0
0.0293 3 1 27 500000 0
0.0309 2 1 27 500000 0
0.0309 3 1 27 500000 0
0.0325 2 1 27 500000 0
0.0325 3 1 27 500000 0
0.0341 2 1 27 500000 0
0.0341 3 1 27 500000 0
0.0357 2 1 27 500000 0
0.0357 3 1 27 500000 0
0.0373 2 1 27 500000 0
0.0373 3 1 27 500000 0
0.0389 2 1 27 500000 0
0.0389 3 1 27 500000 0
0.0405 2 1 27 500000 0
0.0405 3 1 27 500000 0
0.0421 2 1 27 500000 0
0.0421 3 1 27 500000 0
0.0437 2 1 27 500000 0
0.0437 3 1 27 500000 0
0.0453 2 1 27 500000 0
0.0453 3 1 27 500000 0
0.0469 2 1 27 500000 0
0.0469 3 1 27 500000 0
0.0485 2 1 27 500000 0
0.0485 3 1 27 500000 0
0.0501 2 1 27 500000 0
0.0501 3 1 27 500000 0
