Tx 0.0228043 1 1 1 29 
Tx 0.031011 1 1 3 1054 
Rx 0.0314416 1 1 3 1054 430640
Tx 0.041011 1 1 3 1054 
Rx 0.0414416 1 1 3 1054 430640
Tx 0.051011 1 1 3 1054 
Rx 0.0514291 1 1 3 1054 418160
Tx 0.061011 1 1 3 1054 
Tx 0.071011 1 1 3 1054 
Tx 0.081011 1 1 3 1054 
Rx 0.0814416 1 1 3 1054 10430640
Rx 0.0814416 1 1 3 1054 430640
Tx 0.091011 1 1 3 1054 
Rx 0.0914416 1 1 3 1054 430640
Tx 0.101011 1 1 3 1054 
Tx 0.111011 1 1 3 1054 
Tx 0.121011 1 1 3 1054 
Rx 0.121442 1 1 3 1054 10430640
Rx 0.121442 1 1 3 1054 430640
Tx 0.131011 1 1 3 1054 
Rx 0.131442 1 1 3 1054 430640
Tx 0.141011 1 1 3 1054 
Rx 0.141442 1 1 3 1054 430640
Tx 0.151011 1 1 3 1054 
Rx 0.151442 1 1 3 1054 430640
Tx 0.161011 1 1 3 1054 
Tx 0.171011 1 1 3 1054 
Tx 0.181011 1 1 3 1054 
Rx 0.181442 1 1 3 1054 10430640
Rx 0.181442 1 1 3 1054 430640
Tx 0.191011 1 1 3 1054 
Rx 0.191442 1 1 3 1054 430640
Tx 0.201011 1 1 3 1054 
Rx 0.201442 1 1 3 1054 430640
Tx 0.211011 1 1 3 1054 
Rx 0.211442 1 1 3 1054 430640
Tx 0.221011 1 1 3 1054 
Rx 0.221442 1 1 3 1054 430640
Tx 0.231011 1 1 3 1054 
Rx 0.231442 1 1 3 1054 430640
Tx 0.241011 1 1 3 1054 
Rx 0.241442 1 1 3 1054 430640
Tx 0.251011 1 1 3 1054 
Rx 0.251442 1 1 3 1054 430640
Tx 0.261011 1 1 3 1054 
Rx 0.261442 1 1 3 1054 430640
Tx 0.271011 1 1 3 1054 
Rx 0.271442 1 1 3 1054 430640
Tx 0.281011 1 1 3 1054 
Rx 0.281442 1 1 3 1054 430640
Tx 0.291011 1 1 3 1054 
Rx 0.291442 1 1 3 1054 430640
Tx 0.301011 1 1 3 1054 
Rx 0.301442 1 1 3 1054 430640
Tx 0.311011 1 1 3 1054 
Rx 0.311429 1 1 3 1054 418160
Tx 0.321011 1 1 3 1054 
Rx 0.321429 1 1 3 1054 418160
Tx 0.331011 1 1 3 1054 
Rx 0.331429 1 1 3 1054 418160
Tx 0.341011 1 1 3 1054 
Tx 0.351011 1 1 3 1054 
Tx 0.361011 1 1 3 1054 
Rx 0.361442 1 1 3 1054 10430640
Rx 0.361442 1 1 3 1054 430640
Tx 0.371011 1 1 3 1054 
Rx 0.371429 1 1 3 1054 418160
Tx 0.381011 1 1 3 1054 
Rx 0.381429 1 1 3 1054 418160
Tx 0.391011 1 1 3 1054 
Tx 0.401011 1 1 3 1054 
Tx 0.411011 1 1 3 1054 
Rx 0.411442 1 1 3 1054 10430640
Rx 0.411442 1 1 3 1054 430640
Tx 0.421011 1 1 3 1054 
Rx 0.421442 1 1 3 1054 430640
Tx 0.431011 1 1 3 1054 
Rx 0.431429 1 1 3 1054 418160
Tx 0.441011 1 1 3 1054 
Tx 0.451011 1 1 3 1054 
Tx 0.461011 1 1 3 1054 
Rx 0.461442 1 1 3 1054 10430640
Rx 0.461442 1 1 3 1054 430640
Tx 0.471011 1 1 3 1054 
Rx 0.471429 1 1 3 1054 418160
Tx 0.481011 1 1 3 1054 
Rx 0.481429 1 1 3 1054 418160
Tx 0.491011 1 1 3 1054 
Rx 0.491442 1 1 3 1054 430640
Tx 0.501011 1 1 3 1054 
Rx 0.501442 1 1 3 1054 430640
Tx 0.511011 1 1 3 1054 
Rx 0.511429 1 1 3 1054 418160
Tx 0.521011 1 1 3 1054 
Rx 0.521421 1 1 3 1054 409840
Tx 0.531011 1 1 3 1054 
Rx 0.531429 1 1 3 1054 418160
Tx 0.541011 1 1 3 1054 
Tx 0.551011 1 1 3 1054 
Tx 0.561011 1 1 3 1054 
Rx 0.561442 1 1 3 1054 10430640
Rx 0.561442 1 1 3 1054 430640
Tx 0.571011 1 1 3 1054 
Tx 0.581011 1 1 3 1054 
Tx 0.591011 1 1 3 1054 
Rx 0.591442 1 1 3 1054 10430640
Rx 0.591442 1 1 3 1054 430640
Tx 0.601011 1 1 3 1054 
Tx 0.611011 1 1 3 1054 
Tx 0.621011 1 1 3 1054 
Tx 0.631011 1 1 3 1054 
Tx 0.641011 1 1 3 1054 
Tx 0.651011 1 1 3 1054 
Tx 0.661011 1 1 3 1054 
Tx 0.671011 1 1 3 1054 
Tx 0.681011 1 1 3 1054 
Tx 0.691011 1 1 3 1054 
Tx 0.701011 1 1 3 1054 
Tx 0.711011 1 1 3 1054 
Rx 0.714492 1 1 3 1054 13480560
Rx 0.714492 1 1 3 1054 3480560
Tx 0.721011 1 1 3 1054 
Tx 0.731011 1 1 3 1054 
Tx 0.741011 1 1 3 1054 
Rx 0.741471 1 1 3 1054 10459760
Rx 0.741471 1 1 3 1054 459760
Tx 0.751011 1 1 3 1054 
Tx 0.761011 1 1 3 1054 
Tx 0.771011 1 1 3 1054 
Tx 0.781011 1 1 3 1054 
Rx 0.781471 1 1 3 1054 10459760
Rx 0.781471 1 1 3 1054 459760
Tx 0.791011 1 1 3 1054 
Tx 0.801011 1 1 3 1054 
Tx 0.811011 1 1 3 1054 
Rx 0.811471 1 1 3 1054 10459760
Tx 0.821011 1 1 3 1054 
Tx 0.831011 1 1 3 1054 
Rx 0.831442 1 1 3 1054 10430640
Rx 0.831442 1 1 3 1054 430640
Tx 0.841011 1 1 3 1054 
Rx 0.841442 1 1 3 1054 430640
Tx 0.851011 1 1 3 1054 
Rx 0.851442 1 1 3 1054 430640
Tx 0.861011 1 1 3 1054 
Rx 0.861442 1 1 3 1054 430640
Tx 0.871011 1 1 3 1054 
Rx 0.871442 1 1 3 1054 430640
Tx 0.881011 1 1 3 1054 
Rx 0.881442 1 1 3 1054 430640
Tx 0.891011 1 1 3 1054 
Rx 0.891442 1 1 3 1054 430640
Tx 0.901011 1 1 3 1054 
Rx 0.901442 1 1 3 1054 430640
Tx 0.911011 1 1 3 1054 
Rx 0.911442 1 1 3 1054 430640
Tx 0.921011 1 1 3 1054 
Rx 0.921442 1 1 3 1054 430640
Tx 0.931011 1 1 3 1054 
Tx 0.941011 1 1 3 1054 
Tx 0.951011 1 1 3 1054 
Rx 0.951442 1 1 3 1054 10430640
Rx 0.951442 1 1 3 1054 430640
Tx 0.961011 1 1 3 1054 
Rx 0.961442 1 1 3 1054 430640
Tx 0.971011 1 1 3 1054 
Rx 0.971442 1 1 3 1054 430640
Tx 0.981011 1 1 3 1054 
Rx 0.981442 1 1 3 1054 430640
Tx 0.991011 1 1 3 1054 
Rx 0.991442 1 1 3 1054 430640
