Tx 0.0029 1 1 0 12 
Rx 0.00320832 1 1 0 12 308319
Tx 0.0038 1 1 1 2 
Tx 0.0229 1 1 1 33 
Tx 0.0238 1 1 1 2 
Rx 0.0241083 1 1 1 2 0
Tx 0.0311 1 1 3 1056 
Rx 0.0314416 1 1 3 1056 341599
Tx 0.0411 1 1 3 1056 
Rx 0.0414416 1 1 3 1056 341599
Tx 0.0511 1 1 3 1056 
Rx 0.0514291 1 1 3 1056 329119
Tx 0.0611 1 1 3 1056 
Tx 0.0711 1 1 3 1056 
Rx 0.0714416 1 1 3 1056 341599
Tx 0.0811 1 1 3 1056 
Rx 0.0814416 1 1 3 1056 341599
Tx 0.0911 1 1 3 1056 
Rx 0.0914416 1 1 3 1056 341599
Tx 0.1011 1 1 3 1056 
Tx 0.1111 1 1 3 1056 
Rx 0.111442 1 1 3 1056 341599
Tx 0.1211 1 1 3 1056 
Rx 0.121442 1 1 3 1056 341599
Tx 0.1311 1 1 3 1056 
Rx 0.131442 1 1 3 1056 341599
Tx 0.1411 1 1 3 1056 
Rx 0.141442 1 1 3 1056 341599
Tx 0.1511 1 1 3 1056 
Rx 0.151442 1 1 3 1056 341599
Tx 0.1611 1 1 3 1056 
Tx 0.1711 1 1 3 1056 
Rx 0.171442 1 1 3 1056 341599
Tx 0.1811 1 1 3 1056 
Rx 0.181442 1 1 3 1056 341599
Tx 0.1911 1 1 3 1056 
Rx 0.191442 1 1 3 1056 341599
Tx 0.2011 1 1 3 1056 
Rx 0.201442 1 1 3 1056 341599
Tx 0.2111 1 1 3 1056 
Rx 0.211442 1 1 3 1056 341599
Tx 0.2211 1 1 3 1056 
Rx 0.221442 1 1 3 1056 341599
Tx 0.2311 1 1 3 1056 
Rx 0.231442 1 1 3 1056 341599
Tx 0.2411 1 1 3 1056 
Rx 0.241442 1 1 3 1056 341599
Tx 0.2511 1 1 3 1056 
Rx 0.251442 1 1 3 1056 341599
Tx 0.2611 1 1 3 1056 
Rx 0.261442 1 1 3 1056 341599
Tx 0.2711 1 1 3 1056 
Rx 0.271442 1 1 3 1056 341599
Tx 0.2811 1 1 3 1056 
Rx 0.281442 1 1 3 1056 341599
Tx 0.2911 1 1 3 1056 
Rx 0.291442 1 1 3 1056 341599
Tx 0.3011 1 1 3 1056 
Rx 0.301442 1 1 3 1056 341599
Tx 0.3111 1 1 3 1056 
Rx 0.311429 1 1 3 1056 329119
Tx 0.3211 1 1 3 1056 
Rx 0.321429 1 1 3 1056 329119
Tx 0.3311 1 1 3 1056 
Rx 0.331429 1 1 3 1056 329119
Tx 0.3411 1 1 3 1056 
Tx 0.3511 1 1 3 1056 
Rx 0.351442 1 1 3 1056 341599
Tx 0.3611 1 1 3 1056 
Rx 0.361429 1 1 3 1056 329119
Tx 0.3711 1 1 3 1056 
Rx 0.371429 1 1 3 1056 329119
Tx 0.3811 1 1 3 1056 
Rx 0.381429 1 1 3 1056 329119
Tx 0.3911 1 1 3 1056 
Tx 0.4011 1 1 3 1056 
Rx 0.401442 1 1 3 1056 341599
Tx 0.4111 1 1 3 1056 
Rx 0.411429 1 1 3 1056 329119
Tx 0.4211 1 1 3 1056 
Rx 0.421442 1 1 3 1056 341599
Tx 0.4311 1 1 3 1056 
Rx 0.431429 1 1 3 1056 329119
Tx 0.4411 1 1 3 1056 
Tx 0.4511 1 1 3 1056 
Rx 0.451442 1 1 3 1056 341599
Tx 0.4611 1 1 3 1056 
Rx 0.461429 1 1 3 1056 329119
Tx 0.4711 1 1 3 1056 
Rx 0.471429 1 1 3 1056 329119
Tx 0.4811 1 1 3 1056 
Rx 0.481429 1 1 3 1056 329119
Tx 0.4911 1 1 3 1056 
Rx 0.491442 1 1 3 1056 341599
Tx 0.5011 1 1 3 1056 
Rx 0.501442 1 1 3 1056 341599
Tx 0.5111 1 1 3 1056 
Rx 0.511429 1 1 3 1056 329119
Tx 0.5211 1 1 3 1056 
Rx 0.521421 1 1 3 1056 320799
Tx 0.5311 1 1 3 1056 
Rx 0.531429 1 1 3 1056 329119
Tx 0.5411 1 1 3 1056 
Tx 0.5511 1 1 3 1056 
Rx 0.551442 1 1 3 1056 341599
Tx 0.5611 1 1 3 1056 
Rx 0.561429 1 1 3 1056 329119
Tx 0.5711 1 1 3 1056 
Tx 0.5811 1 1 3 1056 
Rx 0.581442 1 1 3 1056 341599
Tx 0.5911 1 1 3 1056 
Rx 0.591429 1 1 3 1056 329119
Tx 0.6011 1 1 3 1056 
Tx 0.6114 1 1 3 1056 
Tx 0.6217 1 1 3 1056 
Tx 0.632 1 1 3 1056 
Tx 0.6423 1 1 3 1056 
Tx 0.6526 1 1 3 1056 
Tx 0.6629 1 1 3 1056 
Tx 0.6732 1 1 3 1056 
Tx 0.6835 1 1 3 1056 
Tx 0.6938 1 1 3 1056 
Tx 0.7041 1 1 3 1056 
Rx 0.704492 1 1 3 1056 391519
Tx 0.7111 1 1 3 1056 
Rx 0.711429 1 1 3 1056 329119
Tx 0.7211 1 1 3 1056 
Tx 0.7311 1 1 3 1056 
Rx 0.731471 1 1 3 1056 370719
Tx 0.7411 1 1 3 1056 
Rx 0.741471 1 1 3 1056 370719
Tx 0.7511 1 1 3 1056 
Tx 0.7611 1 1 3 1056 
Tx 0.7711 1 1 3 1056 
Rx 0.771471 1 1 3 1056 370719
Tx 0.7811 1 1 3 1056 
Rx 0.781429 1 1 3 1056 329119
Tx 0.7911 1 1 3 1056 
Tx 0.8011 1 1 3 1056 
Rx 0.801471 1 1 3 1056 370719
Tx 0.8111 1 1 3 1056 
Tx 0.8211 1 1 3 1056 
Rx 0.821442 1 1 3 1056 341599
Tx 0.8311 1 1 3 1056 
Rx 0.831442 1 1 3 1056 341599
Tx 0.8411 1 1 3 1056 
Rx 0.841442 1 1 3 1056 341599
Tx 0.8511 1 1 3 1056 
Rx 0.851442 1 1 3 1056 341599
Tx 0.8611 1 1 3 1056 
Rx 0.861442 1 1 3 1056 341599
Tx 0.8711 1 1 3 1056 
Rx 0.871442 1 1 3 1056 341599
Tx 0.8811 1 1 3 1056 
Rx 0.881442 1 1 3 1056 341599
Tx 0.8911 1 1 3 1056 
Rx 0.891442 1 1 3 1056 341599
Tx 0.9011 1 1 3 1056 
Rx 0.901442 1 1 3 1056 341599
Tx 0.9111 1 1 3 1056 
Rx 0.911442 1 1 3 1056 341599
Tx 0.9211 1 1 3 1056 
Rx 0.921442 1 1 3 1056 341599
Tx 0.9311 1 1 3 1056 
Tx 0.9411 1 1 3 1056 
Rx 0.941442 1 1 3 1056 341599
Tx 0.9511 1 1 3 1056 
Rx 0.951442 1 1 3 1056 341599
Tx 0.9611 1 1 3 1056 
Rx 0.961442 1 1 3 1056 341599
Tx 0.9711 1 1 3 1056 
Rx 0.971442 1 1 3 1056 341599
Tx 0.9811 1 1 3 1056 
Rx 0.981442 1 1 3 1056 341599
Tx 0.9911 1 1 3 1056 
Rx 0.991442 1 1 3 1056 341599
